Ma Kn_rho Kn_p Kn_T q_x RTRx kai
5.0000000000E+00 6.0064644886E-04 1.2595753440E-02 1.1995089996E-02 -1.3620994316E+07 5.4190822742E+07 1.1965721265E-02
5.0000000000E+00 6.1539572387E-04 1.2884681511E-02 1.2269267929E-02 -1.3915829277E+07 5.5484783367E+07 1.1976073510E-02
5.0000000000E+00 6.3055418207E-04 1.3180813282E-02 1.2550240333E-02 -1.4217684928E+07 5.6813318468E+07 1.1986669676E-02
5.0000000000E+00 6.4613488364E-04 1.3484344962E-02 1.2838190354E-02 -1.4526747890E+07 5.8177479040E+07 1.1997516134E-02
5.0000000000E+00 6.6215137428E-04 1.3795478641E-02 1.3133306534E-02 -1.4843210407E+07 5.9578352956E+07 1.2008619441E-02
5.0000000000E+00 6.7861770662E-04 1.4114422476E-02 1.3435782971E-02 -1.5167270541E+07 6.1017066415E+07 1.2019986348E-02
5.0000000000E+00 6.9554846201E-04 1.4441390886E-02 1.3745819503E-02 -1.5499132376E+07 6.2494785504E+07 1.2031623803E-02
5.0000000000E+00 7.1295877397E-04 1.4776604788E-02 1.4063621909E-02 -1.5839006225E+07 6.4012717930E+07 1.2043538964E-02
5.0000000000E+00 7.3086435278E-04 1.5120291782E-02 1.4389402075E-02 -1.6187108853E+07 6.5572114615E+07 1.2055739201E-02
5.0000000000E+00 7.4928151083E-04 1.5472686397E-02 1.4723378214E-02 -1.6543663702E+07 6.7174271581E+07 1.2068232103E-02
5.0000000000E+00 7.6822719003E-04 1.5834030332E-02 1.5065775078E-02 -1.6908901129E+07 6.8820531865E+07 1.2081025489E-02
5.0000000000E+00 7.8771898999E-04 1.6204572673E-02 1.5416824151E-02 -1.7283058654E+07 7.0512287402E+07 1.2094127415E-02
5.0000000000E+00 8.0777519796E-04 1.6584570167E-02 1.5776763887E-02 -1.7666381216E+07 7.2250981185E+07 1.2107546179E-02
5.0000000000E+00 8.2841482065E-04 1.6974287484E-02 1.6145839944E-02 -1.8059121441E+07 7.4038109438E+07 1.2121290333E-02
5.0000000000E+00 8.4965761704E-04 1.7373997482E-02 1.6524305417E-02 -1.8461539922E+07 7.5875223891E+07 1.2135368689E-02
5.0000000000E+00 8.7152413367E-04 1.7783981494E-02 1.6912421086E-02 -1.8873905509E+07 7.7763934188E+07 1.2149790333E-02
5.0000000000E+00 8.9403574121E-04 1.8204529627E-02 1.7310455682E-02 -1.9296495614E+07 7.9705910431E+07 1.2164564629E-02
5.0000000000E+00 9.1721467350E-04 1.8635941057E-02 1.7718686140E-02 -1.9729596524E+07 8.1702885784E+07 1.2179701231E-02
5.0000000000E+00 9.4108406857E-04 1.9078524364E-02 1.8137397895E-02 -2.0173503734E+07 8.3756659343E+07 1.2195210095E-02
5.0000000000E+00 9.6566801161E-04 1.9532597851E-02 1.8566885160E-02 -2.0628522289E+07 8.5869098997E+07 1.2211101487E-02
5.0000000000E+00 9.9099158093E-04 1.9998489891E-02 1.9007451220E-02 -2.1094967145E+07 8.8042144537E+07 1.2227385998E-02
5.0000000000E+00 1.0170808963E-03 2.0476539300E-02 1.9459408764E-02 -2.1573163543E+07 9.0277810951E+07 1.2244074551E-02
5.0000000000E+00 1.0439631690E-03 2.0967095687E-02 1.9923080180E-02 -2.2063447398E+07 9.2578191730E+07 1.2261178417E-02
5.0000000000E+00 1.0716667569E-03 2.1470519862E-02 2.0398797913E-02 -2.2566165712E+07 9.4945462568E+07 1.2278709226E-02
5.0000000000E+00 1.1002212203E-03 2.1987184242E-02 2.0886904807E-02 -2.3081676997E+07 9.7381885123E+07 1.2296678981E-02
5.0000000000E+00 1.1296573826E-03 2.2517473255E-02 2.1387754459E-02 -2.3610351723E+07 9.9889810947E+07 1.2315100071E-02
5.0000000000E+00 1.1600073940E-03 2.3061783803E-02 2.1901711607E-02 -2.4152572786E+07 1.0247168578E+08 1.2333985287E-02
5.0000000000E+00 1.1913047987E-03 2.3620525713E-02 2.2429152523E-02 -2.4708735991E+07 1.0513005396E+08 1.2353347836E-02
5.0000000000E+00 1.2235846065E-03 2.4194122211E-02 2.2970465410E-02 -2.5279250569E+07 1.0786756305E+08 1.2373201356E-02
5.0000000000E+00 1.2568833682E-03 2.4783010425E-02 2.3526050833E-02 -2.5864539702E+07 1.1068696883E+08 1.2393559934E-02
5.0000000000E+00 1.2912392563E-03 2.5387641914E-02 2.4096322161E-02 -2.6465041089E+07 1.1359114052E+08 1.2414438123E-02
5.0000000000E+00 1.3266921492E-03 2.6008483201E-02 2.4681706025E-02 -2.7081207527E+07 1.1658306624E+08 1.2435850958E-02
5.0000000000E+00 1.3632837222E-03 2.6646016352E-02 2.5282642798E-02 -2.7713507524E+07 1.1966585885E+08 1.2457813979E-02
5.0000000000E+00 1.4010575431E-03 2.7300739563E-02 2.5899587090E-02 -2.8362425939E+07 1.2284276211E+08 1.2480343245E-02
5.0000000000E+00 1.4400591737E-03 2.7973167783E-02 2.6533008270E-02 -2.9028464658E+07 1.2611715715E+08 1.2503455360E-02
5.0000000000E+00 1.4803362782E-03 2.8663833376E-02 2.7183391016E-02 -2.9712143293E+07 1.2949256944E+08 1.2527167491E-02
5.0000000000E+00 1.5219387378E-03 2.9373286773E-02 2.7851235855E-02 -3.0413999926E+07 1.3297267589E+08 1.2551497392E-02
5.0000000000E+00 1.5649187734E-03 3.0102097214E-02 2.8537059784E-02 -3.1134591882E+07 1.3656131278E+08 1.2576463427E-02
5.0000000000E+00 1.6093310752E-03 3.0850853476E-02 2.9241396862E-02 -3.1874496539E+07 1.4026248380E+08 1.2602084595E-02
5.0000000000E+00 1.6552329415E-03 3.1620164647E-02 2.9964798853E-02 -3.2634312187E+07 1.4408036869E+08 1.2628380556E-02
5.0000000000E+00 1.7026844263E-03 3.2410660958E-02 3.0707835905E-02 -3.3414658923E+07 1.4801933251E+08 1.2655371657E-02
5.0000000000E+00 1.7517484965E-03 3.3222994639E-02 3.1471097247E-02 -3.4216179587E+07 1.5208393534E+08 1.2683078964E-02
5.0000000000E+00 1.8024911995E-03 3.4057840807E-02 3.2255191915E-02 -3.5039540761E+07 1.5627894262E+08 1.2711524286E-02
5.0000000000E+00 1.8549818428E-03 3.4915898409E-02 3.3060749513E-02 -3.5885433801E+07 1.6060933609E+08 1.2740730213E-02
5.0000000000E+00 1.9092931845E-03 3.5797891228E-02 3.3888421026E-02 -3.6754575936E+07 1.6508032556E+08 1.2770720142E-02
5.0000000000E+00 1.9655016379E-03 3.6704568908E-02 3.4738879642E-02 -3.7647711414E+07 1.6969736122E+08 1.2801518318E-02
5.0000000000E+00 2.0236874898E-03 3.7636708052E-02 3.5612821631E-02 -3.8565612721E+07 1.7446614688E+08 1.2833149866E-02
5.0000000000E+00 2.0839351341E-03 3.8595113374E-02 3.6510967263E-02 -3.9509081848E+07 1.7939265400E+08 1.2865640832E-02
5.0000000000E+00 2.1463333217E-03 3.9580618913E-02 3.7434061774E-02 -4.0478951639E+07 1.8448313667E+08 1.2899018219E-02
5.0000000000E+00 2.2109754284E-03 4.0594089294E-02 3.8382876356E-02 -4.1476087205E+07 1.8974414750E+08 1.2933310036E-02
5.0000000000E+00 2.2779597413E-03 4.1636421085E-02 3.9358209226E-02 -4.2501387419E+07 1.9518255463E+08 1.2968545336E-02
5.0000000000E+00 2.3473897676E-03 4.2708544209E-02 4.0360886733E-02 -4.3555786487E+07 2.0080555986E+08 1.3004754265E-02
5.0000000000E+00 2.4193745641E-03 4.3811423430E-02 4.1391764513E-02 -4.4640255609E+07 2.0662071797E+08 1.3041968113E-02
5.0000000000E+00 2.4940290921E-03 4.4946059943E-02 4.2451728720E-02 -4.5755804734E+07 2.1263595739E+08 1.3080219364E-02
5.0000000000E+00 2.5714745989E-03 4.6113493025E-02 4.3541697300E-02 -4.6903484408E+07 2.1885960224E+08 1.3119541754E-02
5.0000000000E+00 2.6518390273E-03 4.7314801814E-02 4.4662621354E-02 -4.8084387735E+07 2.2530039598E+08 1.3159970322E-02
5.0000000000E+00 2.7352574571E-03 4.8551107160E-02 4.5815486554E-02 -4.9299652440E+07 2.3196752666E+08 1.3201541480E-02
5.0000000000E+00 2.8218725811E-03 4.9823573600E-02 4.7001314635E-02 -5.0550463058E+07 2.3887065393E+08 1.3244293070E-02
5.0000000000E+00 2.9118352162E-03 5.1133411452E-02 4.8221164981E-02 -5.1838053248E+07 2.4601993805E+08 1.3288264439E-02
5.0000000000E+00 3.0053048571E-03 5.2481879038E-02 4.9476136293E-02 -5.3163708242E+07 2.5342607097E+08 1.3333496504E-02
5.0000000000E+00 3.1024502732E-03 5.3870285033E-02 5.0767368338E-02 -5.4528767435E+07 2.6110030970E+08 1.3380031834E-02
5.0000000000E+00 3.2034501528E-03 5.5299990964E-02 5.2096043803E-02 -5.5934627143E+07 2.6905451202E+08 1.3427914730E-02
5.0000000000E+00 3.3084938012E-03 5.6772413884E-02 5.3463390271E-02 -5.7382743508E+07 2.7730117510E+08 1.3477191307E-02
5.0000000000E+00 3.4177818960E-03 5.8289029187E-02 5.4870682283E-02 -5.8874635596E+07 2.8585347680E+08 1.3527909588E-02
5.0000000000E+00 3.5315273048E-03 5.9851373651E-02 5.6319243553E-02 -6.0411888675E+07 2.9472532028E+08 1.3580119602E-02
5.0000000000E+00 3.6499559728E-03 6.1461048634E-02 5.7810449281E-02 -6.1996157701E+07 3.0393138196E+08 1.3633873480E-02
5.0000000000E+00 3.7733078861E-03 6.3119723514E-02 5.9345728629E-02 -6.3629171022E+07 3.1348716318E+08 1.3689225570E-02
5.0000000000E+00 3.9018381188E-03 6.4829139385E-02 6.0926567363E-02 -6.5312734312E+07 3.2340904628E+08 1.3746232549E-02
5.0000000000E+00 4.0358179715E-03 6.6591112973E-02 6.2554510632E-02 -6.7048734762E+07 3.3371435467E+08 1.3804953546E-02
5.0000000000E+00 4.1755362116E-03 6.8407540839E-02 6.4231165928E-02 -6.8839145537E+07 3.4442141810E+08 1.3865450274E-02
5.0000000000E+00 4.3213004262E-03 7.0280403922E-02 6.5958206270E-02 -7.0686030522E+07 3.5554964327E+08 1.3927787167E-02
5.0000000000E+00 4.4734384985E-03 7.2211772385E-02 6.7737373574E-02 -7.2591549387E+07 3.6711959021E+08 1.3992031530E-02
5.0000000000E+00 4.6323002215E-03 7.4203810821E-02 6.9570482242E-02 -7.4557962981E+07 3.7915305502E+08 1.4058253695E-02
5.0000000000E+00 4.7982590712E-03 7.6258783892E-02 7.1459423022E-02 -7.6587639092E+07 3.9167315990E+08 1.4126527194E-02
5.0000000000E+00 4.9717141324E-03 7.8379062388E-02 7.3406167135E-02 -7.8683058600E+07 4.0470445081E+08 1.4196928934E-02
5.0000000000E+00 5.1530923033E-03 8.0567129775E-02 7.5412770620E-02 -8.0846822049E+07 4.1827300328E+08 1.4269539393E-02
5.0000000000E+00 5.3428504042E-03 8.2825589234E-02 7.7481379253E-02 -8.3081656676E+07 4.3240653915E+08 1.4344442828E-02
5.0000000000E+00 5.5414788858E-03 8.5157171613E-02 7.9614232776E-02 -8.5390423939E+07 4.4713454780E+08 1.4421727494E-02
5.0000000000E+00 5.7495008286E-03 8.7564742701E-02 8.1813673214E-02 -8.7776127562E+07 4.6248843968E+08 1.4501485877E-02
5.0000000000E+00 5.9674907795E-03 9.0051316489E-02 8.4082139096E-02 -9.0241922191E+07 4.7850163054E+08 1.4583814962E-02
5.0000000000E+00 6.1960270194E-03 9.2620050117E-02 8.6422208829E-02 -9.2791122613E+07 4.9520991669E+08 1.4668816477E-02
5.0000000000E+00 6.4358755990E-03 9.5274308257E-02 8.8836478506E-02 -9.5427213751E+07 5.1265091369E+08 1.4756597264E-02
5.0000000000E+00 6.6875425867E-03 9.8017512325E-02 9.1327866489E-02 -9.8153861309E+07 5.3086596858E+08 1.4847269321E-02
5.0000000000E+00 6.9516155920E-03 1.0085354152E-01 9.3899658761E-02 -1.0097492142E+08 5.4990061245E+08 1.4940950813E-02
5.0000000000E+00 7.2291267273E-03 1.0378596515E-01 9.6554392911E-02 -1.0389447219E+08 5.6979826114E+08 1.5037766238E-02
5.0000000000E+00 7.5213366701E-03 1.0681905627E-01 9.9295076128E-02 -1.0691676515E+08 5.9060738495E+08 1.5137845240E-02
5.0000000000E+00 7.8291413848E-03 1.0995756963E-01 1.0212557268E-01 -1.1004633118E+08 6.1238425167E+08 1.5241325228E-02
5.0000000000E+00 8.1531030088E-03 1.1320570231E-01 1.0504951279E-01 -1.1328793248E+08 6.3518664096E+08 1.5348351106E-02
5.0000000000E+00 8.4943842157E-03 1.1656834090E-01 1.0807061656E-01 -1.1664659224E+08 6.5907603135E+08 1.5459075675E-02
5.0000000000E+00 8.8543299018E-03 1.2005074539E-01 1.1119279757E-01 -1.2012761856E+08 6.8411853941E+08 1.5573660084E-02
5.0000000000E+00 9.2342796033E-03 1.2365844139E-01 1.1442023946E-01 -1.2373662242E+08 7.1038573165E+08 1.5692274518E-02
5.0000000000E+00 9.6356693515E-03 1.2739729630E-01 1.1775737065E-01 -1.2747953863E+08 7.3795486483E+08 1.5815098873E-02
5.0000000000E+00 1.0060063932E-02 1.3127356196E-01 1.2120887485E-01 -1.3136264889E+08 7.6690938592E+08 1.5942323475E-02
5.0000000000E+00 1.0509174016E-02 1.3529391207E-01 1.2477971130E-01 -1.3539260693E+08 7.9733954412E+08 1.6074149866E-02
5.0000000000E+00 1.0984872487E-02 1.3946548247E-01 1.2847513868E-01 -1.3957646585E+08 8.2934308611E+08 1.6210791663E-02
5.0000000000E+00 1.1489212904E-02 1.4379591647E-01 1.3230074186E-01 -1.4392170790E+08 8.6302603870E+08 1.6352475509E-02
5.0000000000E+00 1.2024450791E-02 1.4829341607E-01 1.3626246175E-01 -1.4843627706E+08 8.9850359086E+08 1.6499442106E-02
5.0000000000E+00 1.2593068136E-02 1.5296680010E-01 1.4036662884E-01 -1.5312861452E+08 9.3590109106E+08 1.6651947375E-02
5.0000000000E+00 1.3197801606E-02 1.5782557036E-01 1.4462000099E-01 -1.5800769757E+08 9.7535517841E+08 1.6810263723E-02
5.0000000000E+00 1.3841675037E-02 1.6287998690E-01 1.4902980606E-01 -1.6308308222E+08 1.0170150689E+09 1.6974681452E-02
5.0000000000E+00 1.4528037167E-02 1.6814115433E-01 1.5360379029E-01 -1.6836494992E+08 1.0610440223E+09 1.7145510331E-02
5.0000000000E+00 1.5260604685E-02 1.7362112017E-01 1.5835027337E-01 -1.7386415897E+08 1.1076210218E+09 1.7323081335E-02
5.0000000000E+00 1.6043515316E-02 1.7933298988E-01 1.6327821009E-01 -1.7959230109E+08 1.1569426937E+09 1.7507748603E-02
5.0000000000E+00 1.6881377460E-02 1.8529105154E-01 1.6839726524E-01 -1.8556176378E+08 1.2092255496E+09 1.7699891615E-02
5.0000000000E+00 1.7779378776E-02 1.9151095217E-01 1.7371787998E-01 -1.9178579893E+08 1.2647084363E+09 1.7899917661E-02
5.0000000000E+00 1.8743216455E-02 1.9800977541E-01 1.7925142269E-01 -1.9827860016E+08 1.3236559266E+09 1.8108264563E-02
5.0000000000E+00 1.9779759797E-02 2.0480660929E-01 1.8501007811E-01 -2.0505538180E+08 1.3863601304E+09 1.8325403950E-02
5.0000000000E+00 2.0895251444E-02 2.1192154689E-01 1.9100770209E-01 -2.1213249273E+08 1.4531502949E+09 1.8551844239E-02
5.0000000000E+00 2.2101512231E-02 2.1937989643E-01 1.9725763520E-01 -2.1952744730E+08 1.5243794710E+09 1.8788136588E-02
5.0000000000E+00 2.3401922503E-02 2.2720311117E-01 2.0377818952E-01 -2.2725928252E+08 1.6004720460E+09 1.9034873216E-02
5.0000000000E+00 2.4809048958E-02 2.3542172663E-01 2.1058686695E-01 -2.3534807429E+08 1.6818816554E+09 1.9292707861E-02
5.0000000000E+00 2.6343475747E-02 2.4407092652E-01 2.1769851378E-01 -2.4381603063E+08 1.7690855014E+09 1.9562340217E-02
5.0000000000E+00 2.8008759685E-02 2.5318224000E-01 2.2514105914E-01 -2.5268677910E+08 1.8627144499E+09 1.9844533956E-02
5.0000000000E+00 2.9822670904E-02 2.6279697884E-01 2.3293772099E-01 -2.6198604040E+08 1.9634205882E+09 2.0140141016E-02
5.0000000000E+00 3.1811079434E-02 2.7296097645E-01 2.4110849218E-01 -2.7174154085E+08 2.0718960579E+09 2.0450077175E-02
5.0000000000E+00 3.3992400404E-02 2.8372537340E-01 2.4968602283E-01 -2.8198334686E+08 2.1890188646E+09 2.0775351258E-02
5.0000000000E+00 3.6390357350E-02 2.9514841703E-01 2.5870459917E-01 -2.9274412377E+08 2.3157771837E+09 2.1117084389E-02
5.0000000000E+00 3.9036532338E-02 3.0729641456E-01 2.6819876232E-01 -3.0405929151E+08 2.4532740241E+09 2.1476513851E-02
5.0000000000E+00 4.1966840071E-02 3.2024476264E-01 2.7820775157E-01 -3.1596727844E+08 2.6027876294E+09 2.1855011836E-02
5.0000000000E+00 4.5223666847E-02 3.3407944940E-01 2.8877485378E-01 -3.2850975269E+08 2.7657929982E+09 2.2254105349E-02
5.0000000000E+00 4.8856892773E-02 3.4889807632E-01 2.9994741478E-01 -3.4173183987E+08 2.9439950482E+09 2.2675498437E-02
5.0000000000E+00 5.2927423883E-02 3.6481259610E-01 3.1177593577E-01 -3.5568223703E+08 3.1393596052E+09 2.3121098458E-02
5.0000000000E+00 5.7503159596E-02 3.8194626879E-01 3.2431532990E-01 -3.7041337695E+08 3.3541755435E+09 2.3593043308E-02
5.0000000000E+00 6.2673301249E-02 4.0044377725E-01 3.3761991541E-01 -3.8598085581E+08 3.5910602506E+09 2.4093740829E-02
5.0000000000E+00 6.8545303877E-02 4.2046420365E-01 3.5174064821E-01 -4.0244392082E+08 3.8530040617E+09 2.4625891722E-02
5.0000000000E+00 7.5232811460E-02 4.4217727553E-01 3.6673238958E-01 -4.1986353350E+08 4.1435272430E+09 2.5192534915E-02
5.0000000000E+00 8.2900858184E-02 4.6577051425E-01 3.8261526473E-01 -4.3830133991E+08 4.4663452408E+09 2.5797107027E-02
5.0000000000E+00 9.1700070785E-02 4.9143182277E-01 3.9942648902E-01 -4.5781635889E+08 4.8260655123E+09 2.6443384387E-02
5.0000000000E+00 1.0185783225E-01 5.1935127122E-01 4.1712325827E-01 -4.7846136215E+08 5.2271511447E+09 2.7135726963E-02
5.0000000000E+00 1.1363147916E-01 5.4967179413E-01 4.3559168746E-01 -5.0027479429E+08 5.6740679741E+09 2.7878723671E-02
5.0000000000E+00 1.2728032822E-01 5.8249175671E-01 4.5466536528E-01 -5.2326926483E+08 6.1715139208E+09 2.8677469032E-02
5.0000000000E+00 1.4312271589E-01 6.1778616500E-01 4.7399978891E-01 -5.4741884714E+08 6.7227188583E+09 2.9537272823E-02
5.0000000000E+00 1.6147012177E-01 6.5533565488E-01 4.9306127852E-01 -5.7263215709E+08 7.3288241317E+09 3.0463477890E-02
5.0000000000E+00 1.8260085182E-01 6.9461636458E-01 5.1104989875E-01 -5.9872431216E+08 7.9870062432E+09 3.1461036800E-02
5.0000000000E+00 2.0670580275E-01 7.3471354615E-01 5.2686378346E-01 -6.2537106503E+08 8.6884350533E+09 3.2533889758E-02
5.0000000000E+00 2.3385169429E-01 7.7418605206E-01 5.3900774862E-01 -6.5206790303E+08 9.4144566776E+09 3.3684109400E-02
5.0000000000E+00 2.6366220358E-01 8.1096109555E-01 5.4581189177E-01 -6.7807488395E+08 1.0136805889E+10 3.4910459948E-02
5.0000000000E+00 2.9542047221E-01 8.4240805059E-01 5.4538849959E-01 -7.0237968529E+08 1.0812695670E+10 3.6207805474E-02
5.0000000000E+00 3.2792158087E-01 8.6555705472E-01 5.3601170787E-01 -7.2369673943E+08 1.1387325476E+10 3.7564703530E-02
5.0000000000E+00 3.5922628960E-01 8.7742739671E-01 5.1667334748E-01 -7.4053600570E+08 1.1802641857E+10 3.8963678952E-02
5.0000000000E+00 3.8711703889E-01 8.7573259987E-01 4.8730586772E-01 -7.5132079711E+08 1.2003723028E+10 4.0381108676E-02
5.0000000000E+00 4.0926707184E-01 8.5932021666E-01 4.4906900213E-01 -7.5464209259E+08 1.1952640171E+10 4.1788921121E-02
5.0000000000E+00 4.2369456567E-01 8.2857222199E-01 4.0426994054E-01 -7.4947098217E+08 1.1638942569E+10 4.3157450828E-02
5.0000000000E+00 4.2920086050E-01 7.8535354653E-01 3.5591427961E-01 -7.3540419232E+08 1.1083302718E+10 4.4459032914E-02
5.0000000000E+00 4.2555505999E-01 7.3260149243E-01 3.0711457640E-01 -7.1273793012E+08 1.0333072702E+10 4.5671091367E-02
5.0000000000E+00 4.1350051141E-01 6.7375146512E-01 2.6053572834E-01 -6.8244009438E+08 9.4514438044E+09 4.6778253094E-02
5.0000000000E+00 3.9448276918E-01 6.1213294778E-01 2.1805826697E-01 -6.4596989742E+08 8.5042775556E+09 4.7772798201E-02
5.0000000000E+00 3.7032999360E-01 5.5059158079E-01 1.8071522246E-01 -6.0504889233E+08 7.5498778051E+09 4.8653910010E-02
5.0000000000E+00 3.4290654811E-01 4.9126282207E-01 1.4880145711E-01 -5.6143049331E+08 6.6324636862E+09 4.9426115054E-02
5.0000000000E+00 3.1389397848E-01 4.3559569558E-01 1.2210574084E-01 -5.1671861299E+08 5.7814876036E+09 5.0097399507E-02
5.0000000000E+00 2.8466247835E-01 3.8441536767E-01 1.0010205135E-01 -4.7226195191E+08 5.0122837793E+09 5.0677756111E-02
5.0000000000E+00 2.5620317548E-01 3.3807071660E-01 8.2157906956E-02 -4.2911305605E+08 4.3309008663E+09 5.1177615668E-02
5.0000000000E+00 2.2924756294E-01 2.9660518729E-01 6.7594098845E-02 -3.8800985030E+08 3.7347248751E+09 5.1607527739E-02
5.0000000000E+00 2.0419012718E-01 2.5980596757E-01 5.5804213394E-02 -3.4947553708E+08 3.2180720214E+09 5.1976763808E-02
5.0000000000E+00 1.8121678907E-01 2.2734836430E-01 4.6280112461E-02 -3.1375926431E+08 2.7742908556E+09 5.2294192822E-02
5.0000000000E+00 1.6041374195E-01 1.9885624058E-01 3.8558522849E-02 -2.8097830373E+08 2.3936801089E+09 5.2567318397E-02
5.0000000000E+00 1.4173402625E-01 1.7391942053E-01 3.2275631673E-02 -2.5112044166E+08 2.0676893206E+09 5.2802683890E-02
5.0000000000E+00 1.2505462345E-01 1.5213554943E-01 2.7150573814E-02 -2.2409708017E+08 1.7891691534E+09 5.3005787319E-02
5.0000000000E+00 1.1025304948E-01 1.3314124650E-01 2.2942150701E-02 -1.9974045119E+08 1.5505448209E+09 5.3181517479E-02
5.0000000000E+00 9.7158617390E-02 1.1658656585E-01 1.9469395580E-02 -1.7789827101E+08 1.3459056543E+09 5.3333668260E-02
5.0000000000E+00 8.5588222856E-02 1.0215626373E-01 1.6600001852E-02 -1.5834724622E+08 1.1709158703E+09 5.3465805240E-02
5.0000000000E+00 7.5398214102E-02 8.9580576094E-02 1.4206999176E-02 -1.4089221584E+08 1.0202889178E+09 5.3580753467E-02
5.0000000000E+00 6.6433802513E-02 7.8617529797E-02 1.2202719630E-02 -1.2533729807E+08 8.9048208588E+08 5.3680923672E-02
5.0000000000E+00 5.8551252838E-02 6.9054255435E-02 1.0517647481E-02 -1.1149512631E+08 7.7851795107E+08 5.3768365592E-02
5.0000000000E+00 5.1626891145E-02 6.0707621112E-02 9.0920595540E-03 -9.9185909661E+07 6.8156691645E+08 5.3844841672E-02
5.0000000000E+00 4.5543395205E-02 5.3416427045E-02 7.8817762939E-03 -8.8254529526E+07 5.9752443815E+08 5.3911790367E-02
5.0000000000E+00 4.0194855015E-02 4.7040226762E-02 6.8521454956E-03 -7.8544463846E+07 5.2468522671E+08 5.3970519714E-02
5.0000000000E+00 3.5495394090E-02 4.1460498362E-02 5.9703584742E-03 -6.9923241226E+07 4.6124202500E+08 5.4022100902E-02
5.0000000000E+00 3.1364334407E-02 3.6573238813E-02 5.2129826390E-03 -6.2270243303E+07 4.0591978019E+08 5.4067455522E-02
5.0000000000E+00 2.7730573120E-02 3.2288386782E-02 4.5609829940E-03 -5.5476796348E+07 3.5764763203E+08 5.4107381961E-02
5.0000000000E+00 2.4534002181E-02 2.8528677187E-02 3.9971452264E-03 -4.9444547859E+07 3.1539159005E+08 5.4142573166E-02
5.0000000000E+00 2.1719570037E-02 2.5226352203E-02 3.5087048400E-03 -4.4089955725E+07 2.7838707516E+08 5.4173607575E-02
5.0000000000E+00 1.9238780339E-02 2.2322396931E-02 3.0851182527E-03 -3.9332695618E+07 2.4598501824E+08 5.4201015472E-02
5.0000000000E+00 1.7052258615E-02 1.9767204116E-02 2.7161191594E-03 -3.5105686560E+07 2.1751192814E+08 5.4225237419E-02
5.0000000000E+00 1.5123801770E-02 1.7516984627E-02 2.3941015761E-03 -3.1348477935E+07 1.9247035659E+08 5.4246661098E-02
5.0000000000E+00 1.3421072862E-02 1.5533205191E-02 2.1128515954E-03 -2.8007995939E+07 1.7044752671E+08 5.4265621733E-02
5.0000000000E+00 1.1917607440E-02 1.3783440356E-02 1.8663980019E-03 -2.5035538818E+07 1.5102914650E+08 5.4282419662E-02
5.0000000000E+00 1.0589165945E-02 1.2238836155E-02 1.6501134447E-03 -2.2391475326E+07 1.3389313670E+08 5.4297302630E-02
5.0000000000E+00 9.4133928140E-03 1.0873596139E-02 1.4605518029E-03 -2.0036924624E+07 1.1880072681E+08 5.4310502975E-02
5.0000000000E+00 8.3729616056E-03 9.6664972411E-03 1.2938100002E-03 -1.7939278762E+07 1.0546649806E+08 5.4322218025E-02
5.0000000000E+00 7.4517007376E-03 8.5984262428E-03 1.1469416995E-03 -1.6069816949E+07 9.3675173283E+07 5.4332619990E-02
5.0000000000E+00 6.6353211700E-03 7.6526531684E-03 1.0175024998E-03 -1.4402958383E+07 8.3246605014E+07 5.4341860848E-02
5.0000000000E+00 5.9115372137E-03 6.8146806390E-03 9.0327807230E-04 -1.2915939485E+07 7.4014926405E+07 5.4350074876E-02
5.0000000000E+00 5.2692039045E-03 6.0715807833E-03 8.0248320786E-04 -1.1588894036E+07 6.5845871056E+07 5.4357379146E-02
5.0000000000E+00 4.6991906514E-03 5.4124278392E-03 7.1332141893E-04 -1.0403535948E+07 5.8601469720E+07 5.4363879686E-02
5.0000000000E+00 4.1930018830E-03 4.8273685803E-03 6.3443328389E-04 -9.3450863216E+06 5.2177457323E+07 5.4369664568E-02
5.0000000000E+00 3.7428071070E-03 4.3074979250E-03 5.6474361038E-04 -8.3987624010E+06 4.6491255525E+07 5.4374817899E-02
5.0000000000E+00 3.3425748655E-03 3.8455137859E-03 5.0298079580E-04 -7.5524530589E+06 4.1442812373E+07 5.4379410393E-02
5.0000000000E+00 2.9865058948E-03 3.4347216630E-03 4.4824900971E-04 -6.7952640947E+06 3.6961947167E+07 5.4383505147E-02
5.0000000000E+00 2.6695456180E-03 3.0692449273E-03 3.9972572245E-04 -6.1174861890E+06 3.2983709539E+07 5.4387158133E-02
5.0000000000E+00 2.3872445690E-03 2.7439238711E-03 3.5670029892E-04 -5.5105139799E+06 2.9451734849E+07 5.4390418811E-02
5.0000000000E+00 2.1357079128E-03 2.4542048105E-03 3.1851361899E-04 -4.9666578208E+06 2.6313401706E+07 5.4393331320E-02
5.0000000000E+00 1.9114163948E-03 2.1960340850E-03 2.8463099795E-04 -4.4792053516E+06 2.3525963383E+07 5.4395934077E-02
5.0000000000E+00 1.7114203932E-03 1.9659506075E-03 2.5454083327E-04 -4.0419673908E+06 2.1048264612E+07 5.4398262249E-02
5.0000000000E+00 1.5329778984E-03 1.7607796971E-03 2.2781026417E-04 -3.6498083768E+06 1.8845408894E+07 5.4400345618E-02
5.0000000000E+00 1.3735920145E-03 1.5776781407E-03 2.0409288898E-04 -3.2977373149E+06 1.6889452674E+07 5.4402212031E-02
5.0000000000E+00 1.2312620932E-03 1.4142664413E-03 1.8300975401E-04 -2.9815645269E+06 1.5149603861E+07 5.4403885407E-02
5.0000000000E+00 1.1040908713E-03 1.2683601085E-03 1.6427356231E-04 -2.6975155946E+06 1.3602529608E+07 5.4405387134E-02
5.0000000000E+00 9.9041105531E-04 1.1380299528E-03 1.4762236113E-04 -2.4422168962E+06 1.2226897580E+07 5.4406736238E-02
5.0000000000E+00 8.8874832257E-04 1.0215686543E-03 1.3282310827E-04 -2.2126598329E+06 1.1003691529E+07 5.4407949634E-02
