u_t,x,u,u_x,u_xx,u_xxx
-5.540109515377426019e-01 2.049999999999999822e+00 2.243757000000000112e-01 2.794666666666644206e-01 2.976666666666479277e-01 1.777777777777455603e-01
-5.709493459277197314e-01 2.064999999999999947e+00 2.286012000000000044e-01 2.839499999999971491e-01 3.003333333333295663e-01 1.814814814877235838e-01
-5.808850327948822390e-01 2.080000000000000071e+00 2.328941999999999957e-01 2.884766666666643831e-01 3.031111111111254863e-01 1.777777777828854766e-01
-5.838235220932279645e-01 2.095000000000000195e+00 2.372555000000000081e-01 2.930433333333309909e-01 3.056666666666311150e-01 1.666666666632312666e-01
-5.908805599956076238e-01 2.109999999999999876e+00 2.416854999999999976e-01 2.976466666666643390e-01 3.081111111110841350e-01 1.592592592556110465e-01
-6.020660323859643448e-01 2.125000000000000000e+00 2.461849000000000121e-01 3.022866666666635949e-01 3.104444444444228735e-01 1.555555555579688221e-01
-6.173844267657404572e-01 2.140000000000000124e+00 2.507540999999999798e-01 3.069599999999970685e-01 3.127777777778232293e-01 1.555555555497449560e-01
-6.257394750181781706e-01 2.154999999999999805e+00 2.553937000000000013e-01 3.116699999999983373e-01 3.151111111111619678e-01 1.481481481441807024e-01
-6.308396586518307814e-01 2.169999999999999929e+00 2.601042000000000076e-01 3.164133333333311038e-01 3.172222222221486865e-01 1.370370370358343082e-01
-6.438006343691581312e-01 2.185000000000000053e+00 2.648861000000000132e-01 3.211866666666629011e-01 3.192222222222061978e-01 1.333333333371641005e-01
-6.535207903353716929e-01 2.200000000000000178e+00 2.697397999999999740e-01 3.259899999999973930e-01 3.212222222222636536e-01 1.259259259233759809e-01
-6.563062441621874132e-01 2.214999999999999858e+00 2.746658000000000155e-01 3.308233333333308601e-01 3.229999999999692006e-01 1.111111111101914933e-01
-6.706740835725434335e-01 2.229999999999999982e+00 2.796644999999999825e-01 3.356799999999965367e-01 3.245555555555694194e-01 1.074074074125492828e-01
-6.855222653386798815e-01 2.245000000000000107e+00 2.847361999999999949e-01 3.405599999999980310e-01 3.262222222222223023e-01 1.037037037066832063e-01
-6.860511438235147308e-01 2.259999999999999787e+00 2.898813000000000084e-01 3.454666666666632580e-01 3.276666666666466221e-01 8.518518518352069524e-02
-7.018824359435942295e-01 2.274999999999999911e+00 2.951001999999999792e-01 3.503899999999975368e-01 3.287777777777896593e-01 8.148148147559863830e-02
-7.182096459179512227e-01 2.290000000000000036e+00 3.003930000000000211e-01 3.553299999999970371e-01 3.301111111110379692e-01 7.777777777795642777e-02
-7.128318056293331262e-01 2.305000000000000160e+00 3.057600999999999791e-01 3.602933333333287469e-01 3.311111111111283423e-01 5.185185185334160313e-02
-7.264680852917728693e-01 2.319999999999999840e+00 3.112017999999999729e-01 3.652633333333309973e-01 3.316666666667615893e-01 4.444444444777734260e-02
-7.480208127216061431e-01 2.334999999999999964e+00 3.167179999999999995e-01 3.702433333333316479e-01 3.324444444444999980e-01 4.444444444160943614e-02
-7.515790798424981656e-01 2.350000000000000089e+00 3.223091000000000150e-01 3.752366666666642203e-01 3.330000000000098437e-01 2.592592592050289510e-02
-7.556498005476142144e-01 2.365000000000000213e+00 3.279751000000000194e-01 3.802333333333302035e-01 3.332222222222384622e-01 7.407407407620228770e-03
-7.639439861385403097e-01 2.379999999999999893e+00 3.337161000000000155e-01 3.852333333333295973e-01 3.332222222222384622e-01 -7.407407401452323174e-03
-7.801588534909743577e-01 2.395000000000000018e+00 3.395321000000000033e-01 3.902299999999955804e-01 3.330000000000098437e-01 -1.481481480701658283e-02
-8.005968583050543375e-01 2.410000000000000142e+00 3.454229999999999801e-01 3.952233333333299847e-01 3.327777777777812251e-01 -1.851851851493863457e-02
-8.067458606197258630e-01 2.424999999999999822e+00 3.513888000000000011e-01 4.002133333333309784e-01 3.324444444444999980e-01 -3.703703704426904858e-02
-8.023085420275225532e-01 2.439999999999999947e+00 3.574294000000000082e-01 4.051966666666632078e-01 3.316666666666381880e-01 -6.666666666447011724e-02
-8.094910506224722857e-01 2.455000000000000071e+00 3.635446999999999984e-01 4.101633333333301601e-01 3.304444444444425422e-01 -8.518518518352069524e-02
-8.319935427486058188e-01 2.470000000000000195e+00 3.697343000000000157e-01 4.151099999999965928e-01 3.291111111110708864e-01 -8.888888888938677180e-02
-8.475976795673970665e-01 2.484999999999999876e+00 3.759979999999999989e-01 4.200366666666623949e-01 3.277777777778225765e-01 -9.999999999259323591e-02
-8.488993500323913644e-01 2.500000000000000000e+00 3.823353999999999919e-01 4.249433333333295093e-01 3.261111111111696936e-01 -1.259259259315998469e-01
-8.581011635391758707e-01 2.515000000000000124e+00 3.887462999999999891e-01 4.298199999999975374e-01 3.239999999999362279e-01 -1.444444444568183383e-01
-8.714926761484919071e-01 2.529999999999999805e+00 3.952300000000000257e-01 4.346633333333295157e-01 3.217777777777734993e-01 -1.592592592514991134e-01
-8.742607384257075065e-01 2.544999999999999929e+00 4.017861999999999822e-01 4.394733333333289971e-01 3.192222222223295436e-01 -1.851851851822818307e-01
-8.848998415404939477e-01 2.560000000000000053e+00 4.084142000000000050e-01 4.442399999999976368e-01 3.162222222221816592e-01 -2.037037037075003221e-01
-9.034010575732842607e-01 2.575000000000000178e+00 4.151134000000000213e-01 4.489599999999963620e-01 3.131111111109811107e-01 -2.148148148107067723e-01
-9.112441123684776878e-01 2.589999999999999858e+00 4.218830000000000080e-01 4.536333333333290030e-01 3.097777777777986907e-01 -2.370370370315114938e-01
-9.158178502939173793e-01 2.604999999999999982e+00 4.287224000000000035e-01 4.582533333333285719e-01 3.060000000000357434e-01 -2.629629629540703450e-01
-9.208050116369703719e-01 2.620000000000000107e+00 4.356305999999999790e-01 4.628133333333301347e-01 3.018888888889915134e-01 -2.888888888910209896e-01
-9.298963911361652901e-01 2.634999999999999787e+00 4.426068000000000224e-01 4.673099999999965615e-01 2.973333333333667006e-01 -3.111111111118257111e-01
-9.467631510349789892e-01 2.649999999999999911e+00 4.496498999999999913e-01 4.717333333333293410e-01 2.925555555555133247e-01 -3.259259259250102403e-01
-9.528887955201994497e-01 2.665000000000000036e+00 4.567588000000000203e-01 4.760866666666638825e-01 2.875555555555546206e-01 -3.518518518557929298e-01
-9.593499164257490719e-01 2.680000000000000160e+00 4.639325000000000254e-01 4.803599999999960679e-01 2.819999999999627804e-01 -3.777777777742398757e-01
-9.735256583926374940e-01 2.694999999999999840e+00 4.711696000000000217e-01 4.845466666666609634e-01 2.762222222222656676e-01 -3.962962962953464063e-01
-9.768874726041039125e-01 2.709999999999999964e+00 4.784688999999999748e-01 4.886466666666622327e-01 2.701111111111639818e-01 -4.259259259278833087e-01
-9.805063855436799702e-01 2.725000000000000089e+00 4.858290000000000108e-01 4.926499999999959245e-01 2.634444444444290490e-01 -4.555555555563082226e-01
-9.917571803367104533e-01 2.740000000000000213e+00 4.932483999999999758e-01 4.965499999999970493e-01 2.564444444444129445e-01 -4.777777777832808437e-01
-1.003207994534123237e+00 2.754999999999999893e+00 5.007255000000000456e-01 5.003433333333283661e-01 2.491111111109922116e-01 -4.999999999958616992e-01
-1.011119539091341446e+00 2.770000000000000018e+00 5.082586999999999522e-01 5.040233333333287158e-01 2.414444444445369709e-01 -5.259259259266444442e-01
-1.011760659781556271e+00 2.785000000000000142e+00 5.158462000000000325e-01 5.075866666666627447e-01 2.333333333331310544e-01 -5.592592592424318054e-01
-1.016193394998785582e+00 2.799999999999999822e+00 5.234862999999999600e-01 5.110233333333263905e-01 2.246666666668321044e-01 -5.888888888831924628e-01
-1.028079555213826435e+00 2.814999999999999947e+00 5.311768999999999519e-01 5.143266666666640452e-01 2.156666666667584886e-01 -6.111111111101651394e-01
-1.039979600518849079e+00 2.830000000000000071e+00 5.389161000000000090e-01 5.174933333333292529e-01 2.063333333331569264e-01 -6.333333333371378160e-01
-1.048144820016457590e+00 2.845000000000000195e+00 5.467016999999999571e-01 5.205166666666625197e-01 1.966666666667675756e-01 -6.592592592535286844e-01
-1.045132559076130452e+00 2.859999999999999876e+00 5.545316000000000134e-01 5.233933333333286031e-01 1.865555555556742684e-01 -6.962962962998537897e-01
-1.041994547037918828e+00 2.875000000000000000e+00 5.624034999999999451e-01 5.261133333333291029e-01 1.757777777780185069e-01 -7.333333333420668509e-01
-1.057187328149158834e+00 2.890000000000000124e+00 5.703150000000000164e-01 5.286666666666655079e-01 1.645555555554120697e-01 -7.518518518508375825e-01
-1.072150619682151085e+00 2.904999999999999805e+00 5.782635000000000414e-01 5.310499999999951370e-01 1.532222222221231167e-01 -7.703703703678321801e-01
-1.064631465366409735e+00 2.919999999999999929e+00 5.862465000000000037e-01 5.332633333333292036e-01 1.414444444446236460e-01 -8.111111111035754773e-01
-1.064180549607618431e+00 2.935000000000000053e+00 5.942614000000000507e-01 5.352933333333301791e-01 1.288888888888923001e-01 -8.444444444563702357e-01
-1.078134511777055327e+00 2.950000000000000178e+00 6.023053000000000434e-01 5.371299999999923358e-01 1.161111111110556815e-01 -8.629629629569171012e-01
-1.076839520992382671e+00 2.964999999999999858e+00 6.103752999999999540e-01 5.387766666666619075e-01 1.030000000001845689e-01 -8.962962963055999266e-01
-1.078728716615911631e+00 2.979999999999999982e+00 6.184686000000000350e-01 5.402199999999979241e-01 8.922222222201083019e-02 -9.259259259360808070e-01
-1.087441002033702642e+00 2.995000000000000107e+00 6.265819000000000250e-01 5.414533333333260146e-01 7.522222222222527122e-02 -9.481481481342698414e-01
-1.080714166111383268e+00 3.009999999999999787e+00 6.347121999999999487e-01 5.424766666666609449e-01 6.077777777798249598e-02 -9.851851851805949467e-01
-1.080677826056247737e+00 3.024999999999999911e+00 6.428561999999999887e-01 5.432766666666654087e-01 4.566666666668382085e-02 -1.014814814835747425e+00
-1.094669712721887622e+00 3.040000000000000036e+00 6.510105000000000475e-01 5.438466666666614824e-01 3.033333333327990072e-02 -1.029629629618092457e+00
-1.096718819041043069e+00 3.055000000000000160e+00 6.591715999999999687e-01 5.441866666666601571e-01 1.477777777801744102e-02 -1.055555555550931057e+00
-1.086753602608513170e+00 3.069999999999999840e+00 6.673360999999999876e-01 5.442899999999982752e-01 -1.333333333124935970e-03 -1.092592592605480029e+00
-1.079501493534493095e+00 3.084999999999999964e+00 6.755003000000000535e-01 5.441466666666626706e-01 -1.800000000014722809e-02 -1.125925925929491145e+00
-1.082294233109958759e+00 3.100000000000000089e+00 6.836605000000000043e-01 5.437499999999938494e-01 -3.511111111113330435e-02 -1.148148148140015978e+00
-1.091350554583940147e+00 3.115000000000000213e+00 6.918128000000000055e-01 5.430933333333286539e-01 -5.244444444422463603e-02 -1.162962962984040116e+00
-1.091804896891085841e+00 3.129999999999999893e+00 6.999533000000000005e-01 5.421766666666634205e-01 -6.999999999991464439e-02 -1.185185185206900860e+00
-1.083578374667377497e+00 3.145000000000000018e+00 7.080781000000000436e-01 5.409933333333275529e-01 -8.800000000006187595e-02 -1.214814814808598209e+00
-1.077701514252876969e+00 3.160000000000000142e+00 7.161830999999999614e-01 5.395366666666615574e-01 -1.064444444441728921e-01 -1.240740740729100899e+00
-1.074092757583360980e+00 3.174999999999999822e+00 7.242642000000000246e-01 5.377999999999986125e-01 -1.252222222223052794e-01 -1.262962962976633241e+00
-1.068979949849048872e+00 3.189999999999999947e+00 7.323171000000000541e-01 5.357799999999960372e-01 -1.443333333334722024e-01 -1.285185185178934208e+00
-1.065983693136046240e+00 3.205000000000000071e+00 7.403376000000000401e-01 5.334699999999944486e-01 -1.637777777779203525e-01 -1.303703703695928917e+00
-1.065034167720586566e+00 3.220000000000000195e+00 7.483212000000000197e-01 5.308666666666621570e-01 -1.834444444444737476e-01 -1.318518518519393279e+00
-1.058654795055918418e+00 3.234999999999999876e+00 7.562636000000000358e-01 5.279666666666601449e-01 -2.033333333333791071e-01 -1.337037037024052077e+00
-1.046775546468947882e+00 3.250000000000000000e+00 7.641601999999999562e-01 5.247666666666607194e-01 -2.235555555555657214e-01 -1.359259259251024643e+00
-1.044126591510914581e+00 3.265000000000000124e+00 7.720065999999999873e-01 5.212599999999968370e-01 -2.441111111110335352e-01 -1.370370370385070702e+00
-1.039526177189649347e+00 3.279999999999999805e+00 7.797979999999999912e-01 5.174433333333295915e-01 -2.646666666667480960e-01 -1.381481481490333119e+00
-1.021825385903003092e+00 3.294999999999999929e+00 7.875299000000000049e-01 5.133199999999943364e-01 -2.855555555554971647e-01 -1.403703703704969996e+00
-1.016833913075718687e+00 3.310000000000000053e+00 7.951975999999999489e-01 5.088766666666609817e-01 -3.067777777777741521e-01 -1.411111111100254334e+00
-1.013402851321534515e+00 3.325000000000000178e+00 8.027961999999999598e-01 5.041166666666647700e-01 -3.278888888886284936e-01 -1.414814814818456279e+00
-9.966662208220711250e-01 3.339999999999999858e+00 8.103211000000000164e-01 4.990399999999983183e-01 -3.492222222223282380e-01 -1.429629629641920641e+00
-9.887628627051952002e-01 3.354999999999999982e+00 8.177674000000000332e-01 4.936399999999948052e-01 -3.707777777778864525e-01 -1.433333333310779167e+00
-9.822356199268598154e-01 3.370000000000000107e+00 8.251302999999999832e-01 4.879166666666616137e-01 -3.922222222220220211e-01 -1.433333333323115077e+00
-9.585341949252936811e-01 3.384999999999999787e+00 8.324049000000000031e-01 4.818733333333303226e-01 -4.137777777775802912e-01 -1.448148148150691261e+00
-9.435052243734278754e-01 3.399999999999999911e+00 8.395865000000000133e-01 4.755033333333303913e-01 -4.356666666666664800e-01 -1.451851851856557296e+00
-9.444932723504435579e-01 3.415000000000000036e+00 8.466700000000000337e-01 4.688033333333302410e-01 -4.573333333334007045e-01 -1.437037037049540888e+00
-9.318763840886352678e-01 3.430000000000000160e+00 8.536506000000000371e-01 4.617833333333282719e-01 -4.787777777777829646e-01 -1.433333333331338943e+00
-9.093007590110013805e-01 3.444999999999999840e+00 8.605234999999999967e-01 4.544399999999966244e-01 -5.003333333333411792e-01 -1.437037037028981112e+00
-8.878386085947669315e-01 3.459999999999999964e+00 8.672838000000000491e-01 4.467733333333279155e-01 -5.218888888888995048e-01 -1.437037037037204978e+00
-8.748608971580371652e-01 3.475000000000000089e+00 8.739266999999999452e-01 4.387833333333295283e-01 -5.434444444442110278e-01 -1.425925925931942562e+00
-8.666294879710403354e-01 3.490000000000000213e+00 8.804473000000000438e-01 4.304699999999977433e-01 -5.646666666667347068e-01 -1.407407407414947853e+00
-8.446472752365283831e-01 3.504999999999999893e+00 8.868407999999999847e-01 4.218433333333273527e-01 -5.856666666666597854e-01 -1.400000000011439649e+00
-8.273871960602368070e-01 3.520000000000000018e+00 8.931025999999999687e-01 4.128999999999978243e-01 -6.066666666665848640e-01 -1.385185185179751421e+00
-8.148408767428654276e-01 3.535000000000000142e+00 8.992278000000000215e-01 4.036433333333296347e-01 -6.272222222222993970e-01 -1.362962962965114544e+00
-7.848179819883682740e-01 3.549999999999999822e+00 9.052118999999999582e-01 3.940833333333286781e-01 -6.475555555554152187e-01 -1.355555555561606340e+00
-7.595035158477276838e-01 3.564999999999999947e+00 9.110502999999999796e-01 3.842166666666633201e-01 -6.678888888887778430e-01 -1.340740740742254022e+00
-7.500102489378606130e-01 3.580000000000000071e+00 9.167383999999999533e-01 3.740466666666651396e-01 -6.877777777776832302e-01 -1.307407407414130862e+00
-7.341579357704581810e-01 3.595000000000000195e+00 9.222717000000000276e-01 3.635833333333326478e-01 -7.071111111112020620e-01 -1.277777777779538049e+00
-7.082708147556342482e-01 3.609999999999999876e+00 9.276459000000000232e-01 3.528333333333289468e-01 -7.261111111111929750e-01 -1.255555555544341395e+00
-6.834728907320308799e-01 3.625000000000000000e+00 9.328566999999999831e-01 3.417999999999966620e-01 -7.447777777776559693e-01 -1.229629629627950527e+00
-6.635029313938314299e-01 3.640000000000000124e+00 9.378999000000000086e-01 3.304899999999990623e-01 -7.629999999999085292e-01 -1.196296296312163276e+00
-6.409924000887183837e-01 3.654999999999999805e+00 9.427714000000000372e-01 3.189099999999955304e-01 -7.806666666667745336e-01 -1.162962962955256474e+00
-6.085954816015570756e-01 3.669999999999999929e+00 9.474671999999999539e-01 3.070699999999956242e-01 -7.978888888886898068e-01 -1.137037037022417874e+00
-5.848584776351097858e-01 3.685000000000000053e+00 9.519834999999999825e-01 2.949733333333309226e-01 -8.147777777778173469e-01 -1.100000000004876410e+00
-5.698312466148109934e-01 3.700000000000000178e+00 9.563163999999999554e-01 2.826266666666645833e-01 -8.308888888889597313e-01 -1.051851851849177066e+00
-5.451067443346724328e-01 3.714999999999999858e+00 9.604622999999999911e-01 2.700466666666656579e-01 -8.463333333332929698e-01 -1.011111111109321614e+00
-5.181313504941916781e-01 3.729999999999999982e+00 9.644177999999999917e-01 2.572366666666656143e-01 -8.612222222222396528e-01 -9.703703703818021831e-01
-4.853012143085126961e-01 3.745000000000000107e+00 9.681794000000000233e-01 2.442099999999982340e-01 -8.754444444443771900e-01 -9.333333333354771888e-01
-4.577929546665626681e-01 3.759999999999999787e+00 9.717440999999999995e-01 2.309733333333303662e-01 -8.892222222220574901e-01 -8.888888888774200137e-01
-4.430821150870897229e-01 3.774999999999999911e+00 9.751085999999999920e-01 2.175333333333325792e-01 -9.021111111110700076e-01 -8.296296296329058739e-01
-4.116891513588041285e-01 3.790000000000000036e+00 9.782701000000000313e-01 2.039099999999980373e-01 -9.141111111111681620e-01 -7.851851851871844978e-01
-3.710969869531245413e-01 3.805000000000000160e+00 9.812258999999999842e-01 1.901099999999973089e-01 -9.256666666668091903e-01 -7.481481481408595036e-01
-3.510135591596382776e-01 3.819999999999999840e+00 9.839733999999999980e-01 1.761399999999972432e-01 -9.365555555553941591e-01 -6.888888888963454749e-01
-3.330408120866957811e-01 3.834999999999999964e+00 9.865100999999999454e-01 1.620133333333315662e-01 -9.463333333332062391e-01 -6.259259259212937021e-01
-2.951196822038728573e-01 3.850000000000000089e+00 9.888337999999999850e-01 1.477500000000008251e-01 -9.553333333332798549e-01 -5.814814814961319911e-01
-2.632433634774311582e-01 3.865000000000000213e+00 9.909426000000000068e-01 1.333533333333329352e-01 -9.637777777777202237e-01 -5.296296296345665011e-01
-2.412441172243650067e-01 3.879999999999999893e+00 9.928344000000000058e-01 1.188366666666652721e-01 -9.712222222220702195e-01 -4.666666666636266614e-01
-2.107545537014703929e-01 3.895000000000000018e+00 9.945076999999999945e-01 1.042166666666668740e-01 -9.777777777777525436e-01 -4.111111111085308800e-01
-1.755916632669173305e-01 3.910000000000000142e+00 9.959609000000000378e-01 8.950333333333244934e-02 -9.835555555554497120e-01 -3.592592592510773786e-01
-1.432979408279029809e-01 3.924999999999999822e+00 9.971927999999999903e-01 7.470999999999942964e-02 -9.885555555554083051e-01 -3.037037037000935857e-01
-1.213974089239263643e-01 3.939999999999999947e+00 9.982022000000000395e-01 5.984666666666625667e-02 -9.926666666666992267e-01 -2.370370370520711867e-01
-9.893686858483591307e-02 3.955000000000000071e+00 9.989881999999999929e-01 4.492999999999820748e-02 -9.956666666667237653e-01 -1.703703703711533235e-01
-6.126056245174847648e-02 3.970000000000000195e+00 9.995500999999999969e-01 2.997666666666799415e-02 -9.977777777775871382e-01 -1.185185185342594733e-01
-2.330321058141782142e-02 3.984999999999999876e+00 9.998875000000000401e-01 1.499666666666664427e-02 -9.992222222221348593e-01 -6.666666666858205026e-02
4.111937128241218678e-12 4.000000000000000000e+00 1.000000000000000000e+00 0.000000000000000000e+00 -9.997777777777679953e-01 -4.111937128241218678e-12
2.330321057730587453e-02 4.014999999999999680e+00 9.998875000000000401e-01 -1.499666666666664427e-02 -9.992222222221348593e-01 6.666666667269399715e-02
6.126056245586042337e-02 4.030000000000000249e+00 9.995500999999999969e-01 -2.997666666666799415e-02 -9.977777777775871382e-01 1.185185185301475264e-01
9.893686858483591307e-02 4.044999999999999929e+00 9.989881999999999929e-01 -4.492999999999820748e-02 -9.956666666667237653e-01 1.703703703711533235e-01
1.213974089403741241e-01 4.059999999999999609e+00 9.982022000000000395e-01 -5.984666666666625667e-02 -9.926666666666992267e-01 2.370370370356234269e-01
1.432979408279029809e-01 4.075000000000000178e+00 9.971927999999999903e-01 -7.470999999999942964e-02 -9.885555555554083051e-01 3.037037037000935857e-01
1.755916632751411965e-01 4.089999999999999858e+00 9.959609000000000378e-01 -8.950333333333244934e-02 -9.835555555554497120e-01 3.592592592428535125e-01
2.107545536932464714e-01 4.105000000000000426e+00 9.945076999999999945e-01 -1.042166666666668740e-01 -9.777777777777525436e-01 4.111111111167548016e-01
2.412441172243650067e-01 4.120000000000000107e+00 9.928344000000000058e-01 -1.188366666666652721e-01 -9.712222222220702195e-01 4.666666666636266614e-01
2.632433634774311582e-01 4.134999999999999787e+00 9.909426000000000068e-01 -1.333533333333329352e-01 -9.637777777777202237e-01 5.296296296345665011e-01
2.951196822079847903e-01 4.150000000000000355e+00 9.888337999999999850e-01 -1.477500000000008251e-01 -9.553333333332798549e-01 5.814814814920200581e-01
3.330408120866957811e-01 4.165000000000000036e+00 9.865100999999999454e-01 -1.620133333333315662e-01 -9.463333333332062391e-01 6.259259259212937021e-01
3.510135591637502106e-01 4.179999999999999716e+00 9.839733999999999980e-01 -1.761399999999972432e-01 -9.365555555553941591e-01 6.888888888922335418e-01
3.710969869490126083e-01 4.195000000000000284e+00 9.812258999999999842e-01 -1.901099999999973089e-01 -9.256666666668091903e-01 7.481481481449714366e-01
4.116891513670279945e-01 4.209999999999999964e+00 9.782701000000000313e-01 -2.039099999999980373e-01 -9.141111111111681620e-01 7.851851851789606318e-01
4.430821150829777899e-01 4.224999999999999645e+00 9.751085999999999920e-01 -2.175333333333325792e-01 -9.021111111110700076e-01 8.296296296370178069e-01
4.577929546583388021e-01 4.240000000000000213e+00 9.717440999999999995e-01 -2.309733333333303662e-01 -8.892222222220574901e-01 8.888888888856438797e-01
4.853012143085126961e-01 4.254999999999999893e+00 9.681794000000000233e-01 -2.442099999999982340e-01 -8.754444444443771900e-01 9.333333333354771888e-01
5.181313504983036111e-01 4.269999999999999574e+00 9.644177999999999917e-01 -2.572366666666656143e-01 -8.612222222222396528e-01 9.703703703776902501e-01
5.451067443264485668e-01 4.285000000000000142e+00 9.604622999999999911e-01 -2.700466666666656579e-01 -8.463333333332929698e-01 1.011111111117545480e+00
5.698312466271469034e-01 4.299999999999999822e+00 9.563163999999999554e-01 -2.826266666666645833e-01 -8.308888888889597313e-01 1.051851851836841156e+00
5.848584776268859198e-01 4.315000000000000391e+00 9.519834999999999825e-01 -2.949733333333309226e-01 -8.147777777778173469e-01 1.100000000013100276e+00
6.085954816015570756e-01 4.330000000000000071e+00 9.474671999999999539e-01 -3.070699999999956242e-01 -7.978888888886898068e-01 1.137037037022417874e+00
6.409924000928302057e-01 4.344999999999999751e+00 9.427714000000000372e-01 -3.189099999999955304e-01 -7.806666666667745336e-01 1.162962962951144652e+00
6.635029313979434740e-01 4.360000000000000320e+00 9.378999000000000086e-01 -3.304899999999990623e-01 -7.629999999999085292e-01 1.196296296308051232e+00
6.834728907443667900e-01 4.375000000000000000e+00 9.328566999999999831e-01 -3.417999999999966620e-01 -7.447777777776559693e-01 1.229629629615614617e+00
7.082708147515222041e-01 4.389999999999999680e+00 9.276459000000000232e-01 -3.528333333333289468e-01 -7.261111111111929750e-01 1.255555555548453439e+00
7.341579357704581810e-01 4.405000000000000249e+00 9.222717000000000276e-01 -3.635833333333326478e-01 -7.071111111112020620e-01 1.277777777779538049e+00
7.500102489501965231e-01 4.419999999999999929e+00 9.167383999999999533e-01 -3.740466666666651396e-01 -6.877777777776832302e-01 1.307407407401794952e+00
7.595035158436158618e-01 4.434999999999999609e+00 9.110502999999999796e-01 -3.842166666666633201e-01 -6.678888888887778430e-01 1.340740740746365844e+00
7.848179819924803180e-01 4.450000000000000178e+00 9.052118999999999582e-01 -3.940833333333286781e-01 -6.475555555554152187e-01 1.355555555557494296e+00
8.148408767428654276e-01 4.464999999999999858e+00 8.992278000000000215e-01 -4.036433333333296347e-01 -6.272222222222993970e-01 1.362962962965114544e+00
8.273871960561247629e-01 4.480000000000000426e+00 8.931025999999999687e-01 -4.128999999999978243e-01 -6.066666666665848640e-01 1.385185185183863465e+00
8.446472752406404272e-01 4.495000000000000107e+00 8.868407999999999847e-01 -4.218433333333273527e-01 -5.856666666666597854e-01 1.400000000007327605e+00
8.666294879710403354e-01 4.509999999999999787e+00 8.804473000000000438e-01 -4.304699999999977433e-01 -5.646666666667347068e-01 1.407407407414947853e+00
8.748608971703730752e-01 4.525000000000000355e+00 8.739266999999999452e-01 -4.387833333333295283e-01 -5.434444444442110278e-01 1.425925925919606652e+00
8.878386085988789755e-01 4.540000000000000036e+00 8.672838000000000491e-01 -4.467733333333279155e-01 -5.218888888888995048e-01 1.437037037033092934e+00
9.093007589986656924e-01 4.554999999999999716e+00 8.605234999999999967e-01 -4.544399999999966244e-01 -5.003333333333411792e-01 1.437037037041316800e+00
9.318763840886352678e-01 4.570000000000000284e+00 8.536506000000000371e-01 -4.617833333333282719e-01 -4.787777777777829646e-01 1.433333333331338943e+00
9.444932723463317359e-01 4.584999999999999964e+00 8.466700000000000337e-01 -4.688033333333302410e-01 -4.573333333334007045e-01 1.437037037053652710e+00
9.435052243610919653e-01 4.599999999999999645e+00 8.395865000000000133e-01 -4.755033333333303913e-01 -4.356666666666664800e-01 1.451851851868893206e+00
9.585341949335175471e-01 4.615000000000000213e+00 8.324049000000000031e-01 -4.818733333333303226e-01 -4.137777777775802912e-01 1.448148148142467395e+00
9.822356199268598154e-01 4.629999999999999893e+00 8.251302999999999832e-01 -4.879166666666616137e-01 -3.922222222220220211e-01 1.433333333323115077e+00
9.887628627010831561e-01 4.644999999999999574e+00 8.177674000000000332e-01 -4.936399999999948052e-01 -3.707777777778864525e-01 1.433333333314891211e+00
9.966662208302949910e-01 4.660000000000000142e+00 8.103211000000000164e-01 -4.990399999999983183e-01 -3.492222222223282380e-01 1.429629629633696775e+00
1.013402851317422693e+00 4.674999999999999822e+00 8.027961999999999598e-01 -5.041166666666647700e-01 -3.278888888886284936e-01 1.414814814822568101e+00
1.016833913067494821e+00 4.690000000000000391e+00 7.951975999999999489e-01 -5.088766666666609817e-01 -3.067777777777741521e-01 1.411111111108478200e+00
1.021825385903003092e+00 4.705000000000000071e+00 7.875299000000000049e-01 -5.133199999999943364e-01 -2.855555555554971647e-01 1.403703703704969996e+00
1.039526177189649347e+00 4.719999999999999751e+00 7.797979999999999912e-01 -5.174433333333295915e-01 -2.646666666667480960e-01 1.381481481490333119e+00
1.044126591519138447e+00 4.735000000000000320e+00 7.720065999999999873e-01 -5.212599999999968370e-01 -2.441111111110335352e-01 1.370370370376846836e+00
1.046775546464835838e+00 4.750000000000000000e+00 7.641601999999999562e-01 -5.247666666666607194e-01 -2.235555555555657214e-01 1.359259259255136687e+00
1.058654795060030462e+00 4.764999999999999680e+00 7.562636000000000358e-01 -5.279666666666601449e-01 -2.033333333333791071e-01 1.337037037019940033e+00
1.065034167720586566e+00 4.780000000000000249e+00 7.483212000000000197e-01 -5.308666666666621570e-01 -1.834444444444737476e-01 1.318518518519393279e+00
1.065983693136046240e+00 4.794999999999999929e+00 7.403376000000000401e-01 -5.334699999999944486e-01 -1.637777777779203525e-01 1.303703703695928917e+00
1.068979949840824784e+00 4.809999999999999609e+00 7.323171000000000541e-01 -5.357799999999960372e-01 -1.443333333334722024e-01 1.285185185187158297e+00
1.074092757595696668e+00 4.825000000000000178e+00 7.242642000000000246e-01 -5.377999999999986125e-01 -1.252222222223052794e-01 1.262962962964297553e+00
1.077701514244652881e+00 4.839999999999999858e+00 7.161830999999999614e-01 -5.395366666666615574e-01 -1.064444444441728921e-01 1.240740740737324987e+00
1.083578374663265675e+00 4.855000000000000426e+00 7.080781000000000436e-01 -5.409933333333275529e-01 -8.800000000006187595e-02 1.214814814812710031e+00
1.091804896899309707e+00 4.870000000000000107e+00 6.999533000000000005e-01 -5.421766666666634205e-01 -6.999999999991464439e-02 1.185185185198676994e+00
1.091350554588052191e+00 4.884999999999999787e+00 6.918128000000000055e-01 -5.430933333333286539e-01 -5.244444444422463603e-02 1.162962962979928072e+00
1.082294233114070581e+00 4.900000000000000355e+00 6.836605000000000043e-01 -5.437499999999938494e-01 -3.511111111113330435e-02 1.148148148135904156e+00
1.079501493546828783e+00 4.915000000000000036e+00 6.755003000000000535e-01 -5.441466666666626706e-01 -1.800000000014722809e-02 1.125925925917155457e+00
1.086753602612625214e+00 4.929999999999999716e+00 6.673360999999999876e-01 -5.442899999999982752e-01 -1.333333333124935970e-03 1.092592592601367985e+00
1.096718819045154891e+00 4.945000000000000284e+00 6.591715999999999687e-01 -5.441866666666601571e-01 1.477777777801744102e-02 1.055555555546819235e+00
1.094669712713663756e+00 4.959999999999999964e+00 6.510105000000000475e-01 -5.438466666666614824e-01 3.033333333327990072e-02 1.029629629626316323e+00
1.080677826060359559e+00 4.974999999999999645e+00 6.428561999999999887e-01 -5.432766666666654087e-01 4.566666666668382085e-02 1.014814814831635603e+00
1.080714166103159179e+00 4.990000000000000213e+00 6.347121999999999487e-01 -5.424766666666609449e-01 6.077777777798249598e-02 9.851851851888188127e-01
1.087441002046038552e+00 5.004999999999999893e+00 6.265819000000000250e-01 -5.414533333333260146e-01 7.522222222222527122e-02 9.481481481219340424e-01
1.078728716620023675e+00 5.019999999999999574e+00 6.184686000000000350e-01 -5.402199999999979241e-01 8.922222222201083019e-02 9.259259259319688740e-01
1.076839520992382671e+00 5.035000000000000142e+00 6.103752999999999540e-01 -5.387766666666619075e-01 1.030000000001845689e-01 8.962962963055999266e-01
1.078134511764719417e+00 5.049999999999999822e+00 6.023053000000000434e-01 -5.371299999999923358e-01 1.161111111110556815e-01 8.629629629692529003e-01
1.064180549607618431e+00 5.065000000000000391e+00 5.942614000000000507e-01 -5.352933333333301791e-01 1.288888888888923001e-01 8.444444444563702357e-01
1.064631465366409735e+00 5.080000000000000071e+00 5.862465000000000037e-01 -5.332633333333292036e-01 1.414444444446236460e-01 8.111111111035754773e-01
1.072150619698598817e+00 5.094999999999999751e+00 5.782635000000000414e-01 -5.310499999999951370e-01 1.532222222221231167e-01 7.703703703513844481e-01
1.057187328140934746e+00 5.110000000000000320e+00 5.703150000000000164e-01 -5.286666666666655079e-01 1.645555555554120697e-01 7.518518518590614486e-01
1.041994547033807006e+00 5.125000000000000000e+00 5.624034999999999451e-01 -5.261133333333291029e-01 1.757777777780185069e-01 7.333333333461787840e-01
1.045132559076130452e+00 5.139999999999999680e+00 5.545316000000000134e-01 -5.233933333333286031e-01 1.865555555556742684e-01 6.962962962998537897e-01
1.048144820016457590e+00 5.155000000000000249e+00 5.467016999999999571e-01 -5.205166666666625197e-01 1.966666666667675756e-01 6.592592592535286844e-01
1.039979600518849079e+00 5.169999999999999929e+00 5.389161000000000090e-01 -5.174933333333292529e-01 2.063333333331569264e-01 6.333333333371378160e-01
1.028079555201490525e+00 5.184999999999999609e+00 5.311768999999999519e-01 -5.143266666666640452e-01 2.156666666667584886e-01 6.111111111225009385e-01
1.016193395007009448e+00 5.200000000000000178e+00 5.234862999999999600e-01 -5.110233333333263905e-01 2.246666666668321044e-01 5.888888888749685968e-01
1.011760659767164450e+00 5.214999999999999858e+00 5.158462000000000325e-01 -5.075866666666627447e-01 2.333333333331310544e-01 5.592592592568235155e-01
1.011119539089285535e+00 5.230000000000000426e+00 5.082586999999999522e-01 -5.040233333333287158e-01 2.414444444445369709e-01 5.259259259287004662e-01
1.003207994538235281e+00 5.245000000000000107e+00 5.007255000000000456e-01 -5.003433333333283661e-01 2.491111111109922116e-01 4.999999999917497662e-01
9.917571803387663643e-01 5.259999999999999787e+00 4.932483999999999758e-01 -4.965499999999970493e-01 2.564444444444129445e-01 4.777777777812248772e-01
9.805063855375120152e-01 5.275000000000000355e+00 4.858290000000000108e-01 -4.926499999999959245e-01 2.634444444444290490e-01 4.555555555624761777e-01
9.768874726082159565e-01 5.290000000000000036e+00 4.784688999999999748e-01 -4.886466666666622327e-01 2.701111111111639818e-01 4.259259259237713757e-01
9.735256583926374940e-01 5.304999999999999716e+00 4.711696000000000217e-01 -4.845466666666609634e-01 2.762222222222656676e-01 3.962962962953464063e-01
9.593499164216372499e-01 5.320000000000000284e+00 4.639325000000000254e-01 -4.803599999999960679e-01 2.819999999999627804e-01 3.777777777783518087e-01
9.528887955160875167e-01 5.334999999999999964e+00 4.567588000000000203e-01 -4.760866666666638825e-01 2.875555555555546206e-01 3.518518518599048628e-01
9.467631510308670562e-01 5.349999999999999645e+00 4.496498999999999913e-01 -4.717333333333293410e-01 2.925555555555133247e-01 3.259259259291221733e-01
9.298963911341092681e-01 5.365000000000000213e+00 4.426068000000000224e-01 -4.673099999999965615e-01 2.973333333333667006e-01 3.111111111138816776e-01
9.208050116349144609e-01 5.379999999999999893e+00 4.356305999999999790e-01 -4.628133333333301347e-01 3.018888888889915134e-01 2.888888888930769561e-01
9.158178502939173793e-01 5.394999999999999574e+00 4.287224000000000035e-01 -4.582533333333285719e-01 3.060000000000357434e-01 2.629629629540703450e-01
9.112441123623097328e-01 5.410000000000000142e+00 4.218830000000000080e-01 -4.536333333333290030e-01 3.097777777777986907e-01 2.370370370376794211e-01
9.034010575712282387e-01 5.424999999999999822e+00 4.151134000000000213e-01 -4.489599999999963620e-01 3.131111111109811107e-01 2.148148148127627666e-01
8.848998415384380367e-01 5.440000000000000391e+00 4.084142000000000050e-01 -4.442399999999976368e-01 3.162222222221816592e-01 2.037037037095562886e-01
8.742607384215956845e-01 5.455000000000000071e+00 4.017861999999999822e-01 -4.394733333333289971e-01 3.192222222223295436e-01 1.851851851863937637e-01
8.714926761443799741e-01 5.469999999999999751e+00 3.952300000000000257e-01 -4.346633333333295157e-01 3.217777777777734993e-01 1.592592592556110465e-01
8.581011635432878037e-01 5.485000000000000320e+00 3.887462999999999891e-01 -4.298199999999975374e-01 3.239999999999362279e-01 1.444444444527064053e-01
8.488993500344472753e-01 5.500000000000000000e+00 3.823353999999999919e-01 -4.249433333333295093e-01 3.261111111111696936e-01 1.259259259295438804e-01
8.475976795694530885e-01 5.514999999999999680e+00 3.759979999999999989e-01 -4.200366666666623949e-01 3.277777777778225765e-01 9.999999999053726940e-02
8.319935427465497968e-01 5.530000000000000249e+00 3.697343000000000157e-01 -4.151099999999965928e-01 3.291111111110708864e-01 8.888888889144273830e-02
8.094910506163044417e-01 5.544999999999999929e+00 3.635446999999999984e-01 -4.101633333333301601e-01 3.304444444444425422e-01 8.518518518968859476e-02
8.023085420254665312e-01 5.559999999999999609e+00 3.574294000000000082e-01 -4.051966666666632078e-01 3.316666666666381880e-01 6.666666666652608375e-02
8.067458606238377961e-01 5.575000000000000178e+00 3.513888000000000011e-01 -4.002133333333309784e-01 3.324444444444999980e-01 3.703703704015710862e-02
8.005968583050543375e-01 5.589999999999999858e+00 3.454229999999999801e-01 -3.952233333333299847e-01 3.327777777777812251e-01 1.851851851493863457e-02
7.801588534909743577e-01 5.605000000000000426e+00 3.395321000000000033e-01 -3.902299999999955804e-01 3.330000000000098437e-01 1.481481480701658283e-02
7.639439861344283766e-01 5.620000000000000107e+00 3.337161000000000155e-01 -3.852333333333295973e-01 3.332222222222384622e-01 7.407407405564259660e-03
7.556498005414462593e-01 5.634999999999999787e+00 3.279751000000000194e-01 -3.802333333333302035e-01 3.332222222222384622e-01 -7.407407401452323174e-03
7.515790798383862326e-01 5.650000000000000355e+00 3.223091000000000150e-01 -3.752366666666642203e-01 3.330000000000098437e-01 -2.592592591639095861e-02
7.480208127154381881e-01 5.665000000000000036e+00 3.167179999999999995e-01 -3.702433333333316479e-01 3.324444444444999980e-01 -4.444444443544152967e-02
7.264680852876609363e-01 5.679999999999999716e+00 3.112017999999999729e-01 -3.652633333333309973e-01 3.316666666667615893e-01 -4.444444444366540264e-02
7.128318056293331262e-01 5.695000000000000284e+00 3.057600999999999791e-01 -3.602933333333287469e-01 3.311111111111283423e-01 -5.185185185334160313e-02
7.182096459117832676e-01 5.709999999999999964e+00 3.003930000000000211e-01 -3.553299999999970371e-01 3.301111111110379692e-01 -7.777777777178852825e-02
7.018824359518180955e-01 5.724999999999999645e+00 2.951001999999999792e-01 -3.503899999999975368e-01 3.287777777777896593e-01 -8.148148148382251821e-02
6.860511438296825748e-01 5.740000000000000213e+00 2.898813000000000084e-01 -3.454666666666632580e-01 3.276666666666466221e-01 -8.518518518968859476e-02
6.855222653345678374e-01 5.754999999999999893e+00 2.847361999999999949e-01 -3.405599999999980310e-01 3.262222222222223023e-01 -1.037037037025712594e-01
6.706740835704874115e-01 5.769999999999999574e+00 2.796644999999999825e-01 -3.356799999999965367e-01 3.245555555555694194e-01 -1.074074074104933163e-01
6.563062441621874132e-01 5.785000000000000142e+00 2.746658000000000155e-01 -3.308233333333308601e-01 3.229999999999692006e-01 -1.111111111101914933e-01
6.535207903374277150e-01 5.799999999999999822e+00 2.697397999999999740e-01 -3.259899999999973930e-01 3.212222222222636536e-01 -1.259259259254319474e-01
6.438006343691581312e-01 5.815000000000000391e+00 2.648861000000000132e-01 -3.211866666666629011e-01 3.192222222222061978e-01 -1.333333333371641005e-01
6.308396586528588479e-01 5.830000000000000071e+00 2.601042000000000076e-01 -3.164133333333311038e-01 3.172222222221486865e-01 -1.370370370368622914e-01
6.257394750181781706e-01 5.844999999999999751e+00 2.553937000000000013e-01 -3.116699999999983373e-01 3.151111111111619678e-01 -1.481481481441807024e-01
6.173844267677964792e-01 5.860000000000000320e+00 2.507540999999999798e-01 -3.069599999999970685e-01 3.127777777778232293e-01 -1.555555555518009225e-01
6.020660323839083228e-01 5.875000000000000000e+00 2.461849000000000121e-01 -3.022866666666635949e-01 3.104444444444228735e-01 -1.555555555559128555e-01
5.908805599956076238e-01 5.889999999999999680e+00 2.416854999999999976e-01 -2.976466666666643390e-01 3.081111111110841350e-01 -1.592592592556110465e-01
5.838235220952838755e-01 5.905000000000000249e+00 2.372555000000000081e-01 -2.930433333333309909e-01 3.056666666666311150e-01 -1.666666666652872331e-01
5.808850327938542835e-01 5.919999999999999929e+00 2.328941999999999957e-01 -2.884766666666643831e-01 3.031111111111254863e-01 -1.777777777818574934e-01
5.709493459287476869e-01 5.934999999999999609e+00 2.286012000000000044e-01 -2.839499999999971491e-01 3.003333333333295663e-01 -1.814814814887515670e-01
5.540109515367146464e-01 5.950000000000000178e+00 2.243757000000000112e-01 -2.794666666666644206e-01 2.976666666666479277e-01 -1.777777777767175771e-01
-9.208412198682514038e-01 4.044999999999999929e+00 1.899570999999999898e-01 3.074999999999978306e-01 4.617777777777878345e-01 5.703703703682538872e-01
-9.339059485704974684e-01 4.059999999999999609e+00 1.946216000000000057e-01 3.144899999999979934e-01 4.702222222221665859e-01 5.666666666664997853e-01
-9.625321707309548724e-01 4.075000000000000178e+00 1.993918000000000079e-01 3.216066666666638763e-01 4.787777777777829646e-01 5.777777777789581126e-01
-9.956414203691672515e-01 4.089999999999999858e+00 2.042698000000000014e-01 3.288533333333306663e-01 4.875555555555046161e-01 5.925925925931705418e-01
-1.014748471351110348e+00 4.105000000000000426e+00 2.092574000000000101e-01 3.362333333333300533e-01 4.965555555555165590e-01 5.925925925911145198e-01
-1.023592381479680569e+00 4.120000000000000107e+00 2.143567999999999862e-01 3.437499999999972244e-01 5.053333333333616117e-01 5.814814814796842590e-01
-1.051821283249245509e+00 4.134999999999999787e+00 2.195699000000000123e-01 3.513933333333310038e-01 5.139999999999689262e-01 5.888888888852484849e-01
-1.080957277272059924e+00 4.150000000000000355e+00 2.248986000000000041e-01 3.591699999999964366e-01 5.229999999999808136e-01 5.962962963000646432e-01
-1.096223751392440438e+00 4.165000000000000036e+00 2.303449999999999942e-01 3.670833333333305970e-01 5.318888888888784194e-01 5.888888888924443954e-01
-1.123571860028138580e+00 4.179999999999999716e+00 2.359111000000000125e-01 3.751266666666638327e-01 5.406666666666001264e-01 5.925925925921425863e-01
-1.155633752214729526e+00 4.195000000000000284e+00 2.415988000000000024e-01 3.833033333333296100e-01 5.496666666666120138e-01 5.999999999987347676e-01
-1.177636043235947616e+00 4.209999999999999964e+00 2.474101999999999968e-01 3.916166666666632823e-01 5.586666666666240122e-01 5.962962962959527102e-01
-1.197018680862326434e+00 4.224999999999999645e+00 2.533472999999999975e-01 4.000633333333294406e-01 5.675555555555833465e-01 5.888888888883324624e-01
-1.221227336691546483e+00 4.240000000000000213e+00 2.594120999999999788e-01 4.086433333333309159e-01 5.763333333334282882e-01 5.851851851855502940e-01
-1.250295984366239566e+00 4.254999999999999893e+00 2.656066000000000260e-01 4.173533333333314665e-01 5.851111111110266494e-01 5.851851851742424504e-01
-1.280566046973598660e+00 4.269999999999999574e+00 2.719327000000000272e-01 4.261966666666618386e-01 5.938888888887482453e-01 5.851851851876063160e-01
-1.308369866831733397e+00 4.285000000000000142e+00 2.783924999999999872e-01 4.351699999999959489e-01 6.026666666667166439e-01 5.814814814817401700e-01
-1.330050949310080499e+00 4.299999999999999822e+00 2.849878000000000133e-01 4.442766666666634889e-01 6.113333333332622299e-01 5.703703703620859322e-01
-1.356752763010682372e+00 4.315000000000000391e+00 2.917208000000000023e-01 4.535099999999958054e-01 6.197777777777027097e-01 5.629629629626896614e-01
-1.388517988444985418e+00 4.330000000000000071e+00 2.985931000000000002e-01 4.628699999999965620e-01 6.282222222222664243e-01 5.592592592629914705e-01
-1.421688295121060985e+00 4.344999999999999751e+00 3.056069000000000146e-01 4.723566666666620950e-01 6.365555555555308942e-01 5.555555555550694136e-01
-1.448894801285687484e+00 4.360000000000000320e+00 3.127637999999999807e-01 4.819666666666626575e-01 6.448888888889187099e-01 5.444444444456950638e-01
-1.466487041718771867e+00 4.375000000000000000e+00 3.200659000000000143e-01 4.917033333333298284e-01 6.528888888889018416e-01 5.222222222207784093e-01
-1.500411953683203681e+00 4.389999999999999680e+00 3.275148999999999977e-01 5.015533333333280774e-01 6.605555555554805114e-01 5.148148148152140724e-01
-1.539611587111396229e+00 4.405000000000000249e+00 3.351124999999999798e-01 5.115199999999961999e-01 6.683333333333584259e-01 5.111111111114039485e-01
-1.565615670606456344e+00 4.419999999999999929e+00 3.428605000000000125e-01 5.216033333333289779e-01 6.758888888887610857e-01 4.925925925964653729e-01
-1.593273981345402879e+00 4.434999999999999609e+00 3.507605999999999780e-01 5.317966666666611442e-01 6.831111111111290990e-01 4.740740740774148088e-01
-1.626331800405942385e+00 4.450000000000000178e+00 3.588143999999999778e-01 5.420966666666630074e-01 6.901111111111453145e-01 4.592592592539504470e-01
-1.657423643243114419e+00 4.464999999999999858e+00 3.670235000000000025e-01 5.524999999999956612e-01 6.968888888888093991e-01 4.407407407431237489e-01
-1.686591419508254086e+00 4.480000000000000426e+00 3.753893999999999842e-01 5.630033333333293033e-01 7.033333333333157134e-01 4.185185185202630609e-01
-1.717573342065615405e+00 4.495000000000000107e+00 3.839136000000000215e-01 5.735999999999953358e-01 7.094444444444174547e-01 3.962962963056262389e-01
-1.750410631196362310e+00 4.509999999999999787e+00 3.925973999999999853e-01 5.842866666666619579e-01 7.152222222222379688e-01 3.740740740683737853e-01
-1.788840699897313646e+00 4.525000000000000355e+00 4.014422000000000268e-01 5.950566666666625704e-01 7.206666666666537990e-01 3.555555555493232212e-01
-1.821792705738971563e+00 4.540000000000000036e+00 4.104491000000000112e-01 6.059066666666599321e-01 7.258888888888410662e-01 3.296296296349882082e-01
-1.845603991986593861e+00 4.554999999999999716e+00 4.196193999999999757e-01 6.168333333333280155e-01 7.305555555556418890e-01 2.925925925866072475e-01
-1.878807320412172244e+00 4.570000000000000284e+00 4.289541000000000048e-01 6.278233333333294031e-01 7.346666666666861190e-01 2.629629629581822781e-01
-1.914033127617857488e+00 4.584999999999999964e+00 4.384541000000000133e-01 6.388733333333287412e-01 7.384444444444490108e-01 2.333333333338692972e-01
-1.947606433159619677e+00 4.599999999999999645e+00 4.481203000000000269e-01 6.499766666666612069e-01 7.416666666665788776e-01 2.000000000016342316e-01
-1.990656143997111993e+00 4.615000000000000213e+00 4.579534000000000105e-01 6.611233333333262907e-01 7.444444444444980880e-01 1.740740740811313469e-01
-2.020994255775092618e+00 4.629999999999999893e+00 4.679539999999999811e-01 6.723099999999944121e-01 7.468888888890128364e-01 1.333333333351081340e-01
-2.038645032568054294e+00 4.644999999999999574e+00 4.781227000000000116e-01 6.835299999999950860e-01 7.484444444444897648e-01 7.777777778206837467e-02
-2.080628614381536234e+00 4.660000000000000142e+00 4.884599000000000024e-01 6.947633333333275152e-01 7.492222222222282291e-01 4.444444443955346269e-02
-2.124749351325136981e+00 4.674999999999999822e+00 4.989656000000000091e-01 7.060066666666621193e-01 7.497777777777380193e-01 1.111111110115049934e-02
-2.148812111504145861e+00 4.690000000000000391e+00 5.096401000000000403e-01 7.172566666666597701e-01 7.495555555555094562e-01 -4.444444444983330911e-02
-2.182419092389170867e+00 4.705000000000000071e+00 5.204832999999999821e-01 7.284933333333256655e-01 7.484444444444897648e-01 -9.259259257880510241e-02
-2.221875517839176695e+00 4.719999999999999751e+00 5.314948999999999923e-01 7.397099999999946496e-01 7.467777777778368264e-01 -1.370370370348063249e-01
-2.252362696753967164e+00 4.735000000000000320e+00 5.426746000000000070e-01 7.508966666666609946e-01 7.443333333334455348e-01 -1.925925925940140115e-01
-2.281268782981117571e+00 4.750000000000000000e+00 5.540218000000000087e-01 7.620399999999944995e-01 7.409999999998929665e-01 -2.518518518508638948e-01
-2.315977440202023452e+00 4.764999999999999680e+00 5.655358000000000329e-01 7.731266666666616327e-01 7.367777777776728376e-01 -3.074074074059596207e-01
-2.352755624854915517e+00 4.780000000000000249e+00 5.772156000000000509e-01 7.841433333333248656e-01 7.317777777777141335e-01 -3.629629629610554020e-01
-2.384173499915980710e+00 4.794999999999999929e+00 5.890600999999999754e-01 7.950799999999932366e-01 7.258888888890877578e-01 -4.259259259319952418e-01
-2.417587446469379397e+00 4.809999999999999609e+00 6.010680000000000467e-01 8.059199999999939745e-01 7.189999999998775149e-01 -4.888888888905992824e-01
-2.452951554372548415e+00 4.825000000000000178e+00 6.132376999999999967e-01 8.166499999999934367e-01 7.112222222222462920e-01 -5.518518518574271337e-01
-2.479103383028688157e+00 4.839999999999999858e+00 6.255675000000000541e-01 8.272566666666616442e-01 7.024444444445246960e-01 -6.259259259212937021e-01
-2.507083379234363196e+00 4.855000000000000426e+00 6.380554000000000503e-01 8.377233333333257148e-01 6.924444444443605962e-01 -7.000000000016078916e-01
-2.544207988785781360e+00 4.870000000000000107e+00 6.506992000000000331e-01 8.480299999999926230e-01 6.814444444443529258e-01 -7.666666666701899002e-01
-2.571898004247715974e+00 4.884999999999999787e+00 6.634963000000000388e-01 8.581666666666601939e-01 6.694444444442547715e-01 -8.444444444522583026e-01
-2.601159153438083571e+00 4.900000000000000355e+00 6.764442000000000510e-01 8.681133333333240776e-01 6.561111111110317085e-01 -9.222222222178789730e-01
-2.639281961273524324e+00 4.915000000000000036e+00 6.895396999999999776e-01 8.778499999999912484e-01 6.417777777777181614e-01 -9.925925925964389496e-01
-2.663961900957954931e+00 4.929999999999999716e+00 7.027797000000000072e-01 8.873666666666595315e-01 6.263333333333849229e-01 -1.077777777782015667e+00
-2.686163313626847238e+00 4.945000000000000284e+00 7.161606999999999834e-01 8.966399999999929982e-01 6.094444444445041853e-01 -1.166666666661122509e+00
-2.716854026552695700e+00 4.959999999999999964e+00 7.296789000000000192e-01 9.056499999999947370e-01 5.913333333334276354e-01 -1.248148148157280923e+00
-2.741080572611354071e+00 4.974999999999999645e+00 7.433302000000000520e-01 9.143799999999921990e-01 5.719999999999088036e-01 -1.337037037044611631e+00
-2.762384106036604337e+00 4.990000000000000213e+00 7.571103000000000138e-01 9.228099999999921366e-01 5.512222222223356338e-01 -1.429629629621360865e+00
-2.791686674934801715e+00 5.004999999999999893e+00 7.710145000000000470e-01 9.309166666666587320e-01 5.291111111108974807e-01 -1.514814814815161448e+00
-2.817707689681571370e+00 5.019999999999999574e+00 7.850378000000000078e-01 9.386833333333229890e-01 5.057777777777571204e-01 -1.603703703698380334e+00
-2.836548854498404104e+00 5.035000000000000142e+00 7.991749999999999687e-01 9.460899999999915488e-01 4.810000000000690390e-01 -1.700000000001555156e+00
-2.859098952357544299e+00 5.049999999999999822e+00 8.134204999999999908e-01 9.531133333333251523e-01 4.547777777778334030e-01 -1.792592592582416211e+00
-2.881436369384353213e+00 5.065000000000000391e+00 8.277683999999999598e-01 9.597333333333266658e-01 4.272222222222260557e-01 -1.885185185175613176e+00
-2.899628439271172198e+00 5.080000000000000071e+00 8.422125000000000306e-01 9.659299999999920727e-01 3.982222222223177899e-01 -1.981481481478787998e+00
-2.917121690934334044e+00 5.094999999999999751e+00 8.567462999999999607e-01 9.716799999999926607e-01 3.677777777778619139e-01 -2.077777777769627132e+00
-2.926256138452765665e+00 5.110000000000000320e+00 8.713629000000000513e-01 9.769633333333279657e-01 3.358888888888584279e-01 -2.181481481509206066e+00
-2.937862116310269833e+00 5.125000000000000000e+00 8.860552000000000428e-01 9.817566666666585062e-01 3.023333333332020034e-01 -2.281481481497687369e+00
-2.962738586053134338e+00 5.139999999999999680e+00 9.008156000000000496e-01 9.860333333333241024e-01 2.674444444444206703e-01 -2.366666666666815910e+00
-2.971003721548318488e+00 5.155000000000000249e+00 9.156362000000000112e-01 9.897799999999911114e-01 2.313333333331969444e-01 -2.466666666667633123e+00
-2.973453370197966628e+00 5.169999999999999929e+00 9.305090000000000305e-01 9.929733333333238265e-01 1.934444444443910727e-01 -2.570370370361980683e+00
-2.991943071348271310e+00 5.184999999999999609e+00 9.454253999999999714e-01 9.955833333333229396e-01 1.542222222224602368e-01 -2.655555555551669222e+00
-3.000281430234539304e+00 5.200000000000000178e+00 9.603764999999999663e-01 9.975999999999939361e-01 1.137777777778403304e-01 -2.748148148165425741e+00
-3.005508031810335545e+00 5.214999999999999858e+00 9.753534000000000370e-01 9.989966666666582062e-01 7.177777777774350942e-02 -2.840740740721614976e+00
-3.007279354009033678e+00 5.230000000000000426e+00 9.903463999999999601e-01 9.997533333333262773e-01 2.855555555569774459e-02 -2.933333333318924208e+00
-2.983043147368545256e+00 5.245000000000000107e+00 1.005346000000000073e+00 9.998533333333291528e-01 -1.622222222231835959e-02 -3.048148148151429204e+00
-2.954599532261212858e+00 5.259999999999999787e+00 1.020342000000000082e+00 9.992666666666529807e-01 -6.288888888909259511e-02 -3.162962962938703271e+00
-2.999313047206682459e+00 5.275000000000000355e+00 1.035323999999999911e+00 9.979666666666563435e-01 -1.111111111108503136e-01 -3.199999999993252242e+00
-3.053836921363290546e+00 5.290000000000000036e+00 1.050281000000000020e+00 9.959333333333274529e-01 -1.588888888888909667e-01 -3.222222222236672540e+00
-2.977381388027303455e+00 5.304999999999999716e+00 1.065201999999999982e+00 9.931999999999895357e-01 -2.077777777777045642e-01 -3.370370370372629321e+00
-2.895194722891341055e+00 5.320000000000000284e+00 1.080076999999999954e+00 9.896999999999888109e-01 -2.599999999998239275e-01 -3.518518518508586101e+00
-2.954926854666707126e+00 5.334999999999999964e+00 1.094892999999999894e+00 9.853999999999947246e-01 -3.133333333332097292e-01 -3.518518518533257922e+00
-3.045193188733577472e+00 5.349999999999999645e+00 1.109639000000000042e+00 9.802999999999925107e-01 -3.655555555553291480e-01 -3.481481481466373040e+00
-2.943714443564733330e+00 5.365000000000000213e+00 1.124301999999999913e+00 9.744333333333273783e-01 -4.177777777774485113e-01 -3.629629629635225285e+00
-2.798159340378346904e+00 5.379999999999999893e+00 1.138872000000000106e+00 9.677666666666615569e-01 -4.744444444446335174e-01 -3.814814814821619215e+00
-2.866815824253408085e+00 5.394999999999999574e+00 1.153334999999999999e+00 9.601999999999882851e-01 -5.322222222220980292e-01 -3.777777777746510690e+00
-2.927634781638072781e+00 5.410000000000000142e+00 1.167677999999999994e+00 9.517999999999910976e-01 -5.877777777775231582e-01 -3.740740740761864913e+00
-2.832203198719690285e+00 5.424999999999999822e+00 1.181888999999999967e+00 9.425666666666624449e-01 -6.444444444447081644e-01 -3.851851851880280009e+00
-2.765203108076343952e+00 5.440000000000000391e+00 1.195955000000000101e+00 9.324666666666570070e-01 -7.033333333334390591e-01 -3.925925925923587023e+00
-2.800201665510347215e+00 5.455000000000000071e+00 1.209862999999999911e+00 9.214666666666591066e-01 -7.622222222221700649e-01 -3.888888888889597606e+00
-2.751987976484576937e+00 5.469999999999999751e+00 1.223599000000000103e+00 9.095999999999917485e-01 -8.200000000001279599e-01 -3.925925925915362935e+00
-2.620319924190806837e+00 5.485000000000000320e+00 1.237150999999999890e+00 8.968666666666550435e-01 -8.799999999996318545e-01 -4.037037037009106655e+00
-2.626676095983727421e+00 5.500000000000000000e+00 1.250504999999999978e+00 8.831999999999952111e-01 -9.411111111108956262e-01 -4.000000000016236790e+00
-2.696986545710361671e+00 5.514999999999999680e+00 1.263646999999999965e+00 8.686333333333279283e-01 -1.000000000000119904e+00 -3.888888888889597606e+00
-2.609060502884570365e+00 5.530000000000000249e+00 1.276564000000000032e+00 8.531999999999912987e-01 -1.057777777777584527e+00 -3.925925925915362935e+00
-2.436767763174389145e+00 5.544999999999999929e+00 1.289242999999999917e+00 8.368999999999927608e-01 -1.117777777777581916e+00 -4.037037037025554831e+00
-2.438655015001280457e+00 5.559999999999999609e+00 1.301671000000000022e+00 8.196666666666635459e-01 -1.178888888888845576e+00 -3.962962962998695549e+00
-2.466633811752567240e+00 5.575000000000000178e+00 1.313833000000000029e+00 8.015333333333271026e-01 -1.236666666666803582e+00 -3.851851851847384545e+00
-2.298845675917473574e+00 5.589999999999999858e+00 1.325717000000000034e+00 7.825666666666591942e-01 -1.294444444444761588e+00 -3.925925925882467471e+00
-2.230909133118555321e+00 5.605000000000000426e+00 1.337309999999999999e+00 7.626999999999912738e-01 -1.354444444444265372e+00 -3.888888888881373962e+00
-2.336752190106093696e+00 5.620000000000000107e+00 1.348597999999999963e+00 7.419333333333308911e-01 -1.411111111110956884e+00 -3.666666666693886523e+00
-2.209658142914301848e+00 5.634999999999999787e+00 1.359568000000000110e+00 7.203666666666622698e-01 -1.464444444444342741e+00 -3.666666666685662435e+00
-1.997694551246300687e+00 5.650000000000000355e+00 1.370209000000000010e+00 6.979999999999928484e-01 -1.521111111111034253e+00 -3.740740740753640825e+00
-2.033293031640956539e+00 5.665000000000000036e+00 1.380508000000000068e+00 6.747333333333308536e-01 -1.576666666666459493e+00 -3.555555555559023251e+00
-1.984154349775767212e+00 5.679999999999999716e+00 1.390451000000000104e+00 6.506999999999912854e-01 -1.627777777778299351e+00 -3.444444444424159979e+00
-1.887298536219053524e+00 5.695000000000000284e+00 1.400028999999999968e+00 6.258999999999889097e-01 -1.679999999999925331e+00 -3.370370370380853409e+00
-1.853535188179716187e+00 5.709999999999999964e+00 1.409227999999999925e+00 6.002999999999930614e-01 -1.728888888888245434e+00 -3.222222222220224808e+00
-1.661784257338657422e+00 5.724999999999999645e+00 1.418037999999999910e+00 5.740333333333336174e-01 -1.776666666666779415e+00 -3.222222222261344360e+00
-1.607531543891031589e+00 5.740000000000000213e+00 1.426449000000000078e+00 5.469999999999966001e-01 -1.825555555555593124e+00 -3.074074074108939847e+00
-1.617314336968935784e+00 5.754999999999999893e+00 1.434447999999999945e+00 5.192666666666579944e-01 -1.868888888889061572e+00 -2.851851851830989659e+00
-1.432819916361866674e+00 5.769999999999999574e+00 1.442026999999999948e+00 4.909333333333317229e-01 -1.911111111110770144e+00 -2.814814814838119794e+00
-1.386906571989403147e+00 5.785000000000000142e+00 1.449176000000000020e+00 4.619333333333344171e-01 -1.953333333333465704e+00 -2.629629629610606756e+00
-1.369158282609723720e+00 5.799999999999999822e+00 1.455885000000000096e+00 4.323333333333272965e-01 -1.990000000000322622e+00 -2.407407407390223408e+00
-1.158372786076581562e+00 5.815000000000000391e+00 1.462145999999999946e+00 4.022333333333242833e-01 -2.025555555555419662e+00 -2.370370370323338971e+00
-1.087467003621913175e+00 5.830000000000000071e+00 1.467951999999999924e+00 3.715666666666642137e-01 -2.061111111111010086e+00 -2.185185185178064593e+00
-1.083127697210524598e+00 5.844999999999999751e+00 1.473292999999999964e+00 3.404000000000008685e-01 -2.091111111111255472e+00 -1.925925925989483201e+00
-9.612601142287133804e-01 5.860000000000000320e+00 1.478164000000000033e+00 3.088333333333334041e-01 -2.118888888888968314e+00 -1.777777777771287759e+00
-8.328992083564268345e-01 5.875000000000000000e+00 1.482558000000000042e+00 2.768333333333312662e-01 -2.144444444444641551e+00 -1.629629629643554845e+00
-6.621315044994755539e-01 5.889999999999999680e+00 1.486469000000000040e+00 2.444999999999936113e-01 -2.167777777777781800e+00 -1.518518518500467707e+00
-5.970597281034426551e-01 5.905000000000000249e+00 1.489892999999999912e+00 2.117999999999972682e-01 -2.189999999999655778e+00 -1.296296296296532535e+00
-6.015005143918594754e-01 5.919999999999999929e+00 1.492823000000000011e+00 1.788000000000034007e-01 -2.206666666666678100e+00 -1.000000000008171241e+00
-4.544046633770962851e-01 5.934999999999999609e+00 1.495257000000000058e+00 1.455999999999963712e-01 -2.220000000000394547e+00 -8.518518518228711534e-01
-3.042052774801760062e-01 5.950000000000000178e+00 1.497190999999999939e+00 1.121999999999984121e-01 -2.232222222222351338e+00 -7.037037037198097256e-01
-2.626058869756758285e-01 5.964999999999999858e+00 1.498623000000000038e+00 7.863333333333268060e-02 -2.241111111111002252e+00 -4.444444444243182413e-01
-1.453193307209661445e-01 5.980000000000000426e+00 1.499549999999999939e+00 4.496666666666777890e-02 -2.245555555555081018e+00 -2.592592592790438077e-01
4.675004096880169824e-02 5.995000000000000107e+00 1.499972000000000083e+00 1.126666666667229012e-02 -2.248888888888880278e+00 -1.481481481688523283e-01
5.433673182291648418e-02 6.009999999999999787e+00 1.499888000000000110e+00 -2.249999999999918732e-02 -2.250000000000146549e+00 1.481481481770761943e-01
6.141836331817518424e-02 6.025000000000000355e+00 1.499297000000000102e+00 -5.623333333334006728e-02 -2.244444444444801512e+00 4.444444444818853590e-01
2.890118204912829336e-01 6.040000000000000036e+00 1.498200999999999894e+00 -8.983333333333638759e-02 -2.236666666666430103e+00 5.185185185087444193e-01
4.408188133634578509e-01 6.054999999999999716e+00 1.496601999999999988e+00 -1.233333333333261339e-01 -2.228888888889045461e+00 6.666666666364773342e-01
4.421668772258265934e-01 6.070000000000000284e+00 1.494501000000000079e+00 -1.567000000000009219e-01 -2.216666666666595287e+00 9.629629629741819352e-01
5.511270908229637389e-01 6.084999999999999964e+00 1.491900999999999922e+00 -1.898333333333319384e-01 -2.199999999999572964e+00 1.148148148177023486e+00
7.300833179538690487e-01 6.099999999999999645e+00 1.488806000000000074e+00 -2.226999999999960400e-01 -2.182222222222271135e+00 1.259259259246095608e+00
7.565414774830903077e-01 6.115000000000000213e+00 1.485219999999999985e+00 -2.553000000000006375e-01 -2.162222222222436763e+00 1.518518518516915439e+00
7.777932560204494639e-01 6.129999999999999893e+00 1.481146999999999991e+00 -2.875666666666623073e-01 -2.136666666666270142e+00 1.777777777779511625e+00
1.014928010386469737e+00 6.144999999999999574e+00 1.476593000000000044e+00 -3.193999999999966866e-01 -2.108888888889051128e+00 1.814814814813500821e+00
1.134681362025879769e+00 6.160000000000000142e+00 1.471565000000000012e+00 -3.508333333333343296e-01 -2.082222222222111174e+00 1.962962962974129200e+00
1.062758705311689589e+00 6.174999999999999822e+00 1.466067999999999927e+00 -3.818666666666605258e-01 -2.049999999999826628e+00 2.296296296288256045e+00
1.204902258576848961e+00 6.190000000000000391e+00 1.460109000000000101e+00 -4.123333333333296657e-01 -2.013333333333462871e+00 2.407407407423119317e+00
1.376051531300662933e+00 6.205000000000000071e+00 1.453697999999999935e+00 -4.422666666666649204e-01 -1.977777777777379065e+00 2.481481481499321351e+00
1.427893363355337009e+00 6.219999999999999751e+00 1.446841000000000044e+00 -4.716666666666589069e-01 -1.938888888888482764e+00 2.666666666644595729e+00
1.507572009986499317e+00 6.235000000000000320e+00 1.439548000000000050e+00 -5.004333333333272904e-01 -1.897777777778040464e+00 2.814814814813447974e+00
1.541185684800163713e+00 6.250000000000000000e+00 1.431828000000000101e+00 -5.286000000000006249e-01 -1.854444444444572015e+00 2.999999999999841904e+00
1.675925241923940767e+00 6.264999999999999680e+00 1.423689999999999900e+00 -5.560666666666649327e-01 -1.807777777777304529e+00 3.074074074076044383e+00
1.837654450873469347e+00 6.280000000000000249e+00 1.415146000000000015e+00 -5.828333333333275412e-01 -1.762222222221796697e+00 3.111111111126481088e+00
1.804377254685974652e+00 6.294999999999999929e+00 1.406204999999999927e+00 -6.089333333333266651e-01 -1.714444444444249482e+00 3.333333333313968527e+00
1.834477435333534245e+00 6.309999999999999609e+00 1.396878000000000064e+00 -6.342666666666555431e-01 -1.662222222222623502e+00 3.481481481466373040e+00
2.001751764125389688e+00 6.325000000000000178e+00 1.387177000000000104e+00 -6.587999999999983869e-01 -1.610000000000504139e+00 3.481481481474597128e+00
2.084277120040952003e+00 6.339999999999999858e+00 1.377113999999999949e+00 -6.825666666666636573e-01 -1.557777777777891171e+00 3.555555555559023251e+00
2.118847773314294969e+00 6.355000000000000426e+00 1.366700000000000026e+00 -7.055333333333281276e-01 -1.503333333333239041e+00 3.666666666685662435e+00
2.216365264296751292e+00 6.370000000000000107e+00 1.355947999999999931e+00 -7.276666666666611327e-01 -1.447777777777320418e+00 3.703703703703204120e+00
2.265799028195831344e+00 6.384999999999999787e+00 1.344870000000000010e+00 -7.489666666666554562e-01 -1.392222222221895178e+00 3.777777777804077974e+00
2.230213225476352257e+00 6.400000000000000355e+00 1.333479000000000081e+00 -7.694333333333257530e-01 -1.334444444444430777e+00 3.925925925923587023e+00
2.331413732076383027e+00 6.415000000000000036e+00 1.321787000000000045e+00 -7.889999999999961489e-01 -1.274444444444433389e+00 3.925925925923587023e+00
2.495482562127883774e+00 6.429999999999999716e+00 1.309809000000000001e+00 -8.076666666666590944e-01 -1.216666666666475383e+00 3.851851851872056365e+00
2.463836858058799262e+00 6.445000000000000284e+00 1.297557000000000071e+00 -8.254999999999906857e-01 -1.158888888889010982e+00 3.962962962941128264e+00
2.495383402383735572e+00 6.459999999999999964e+00 1.285044000000000075e+00 -8.424333333333297036e-01 -1.097777777778240704e+00 4.000000000016236790e+00
2.664137081477487623e+00 6.474999999999999645e+00 1.272283999999999970e+00 -8.584333333333308280e-01 -1.038888888889016204e+00 3.888888888922493070e+00
2.637736742650594657e+00 6.490000000000000213e+00 1.259290999999999938e+00 -8.735999999999930488e-01 -9.811111111105649263e-01 3.962962962949352352e+00
2.601059030190808308e+00 6.504999999999999893e+00 1.246075999999999961e+00 -8.878666666666553686e-01 -9.200000000002880318e-01 4.037037037009106655e+00
2.702249153042383334e+00 6.519999999999999574e+00 1.232655000000000056e+00 -9.011999999999945610e-01 -8.600000000002906431e-01 3.962962962957575996e+00
2.756851354076395921e+00 6.535000000000000142e+00 1.219039999999999901e+00 -9.136666666666642955e-01 -8.011111111110663652e-01 3.925925925923587023e+00
2.764871167068088553e+00 6.549999999999999822e+00 1.205244999999999900e+00 -9.252333333333193632e-01 -7.422222222218419763e-01 3.925925925931810667e+00
2.800879925951424543e+00 6.565000000000000391e+00 1.191283000000000092e+00 -9.359333333333197391e-01 -6.833333333336044646e-01 3.888888888848478498e+00
2.864901609986564957e+00 6.580000000000000071e+00 1.177167000000000074e+00 -9.457333333333276526e-01 -6.255555555556464586e-01 3.814814814813395571e+00
2.883609012379451109e+00 6.594999999999999751e+00 1.162911000000000028e+00 -9.546999999999966624e-01 -5.688888888889549467e-01 3.777777777820525706e+00
2.894064256054557749e+00 6.610000000000000320e+00 1.148525999999999936e+00 -9.627999999999964365e-01 -5.122222222217699406e-01 3.740740740745417181e+00
2.896787047096731627e+00 6.625000000000000000e+00 1.134026999999999896e+00 -9.700666666666573068e-01 -4.566666666663448115e-01 3.703703703703204120e+00
2.929075586381133522e+00 6.639999999999999680e+00 1.119423999999999975e+00 -9.764999999999868230e-01 -4.011111111109196270e-01 3.629629629618777553e+00
2.954188227657374100e+00 6.655000000000000249e+00 1.104732000000000047e+00 -9.820999999999924235e-01 -3.477777777780273194e-01 3.555555555542575519e+00
2.935794539091377775e+00 6.669999999999999929e+00 1.089960999999999958e+00 -9.869333333333277780e-01 -2.944444444446415177e-01 3.518518518508586101e+00
2.984849846993323119e+00 6.684999999999999609e+00 1.075123999999999969e+00 -9.909333333333243399e-01 -2.422222222220286880e-01 3.407407407406618738e+00
2.991168558285958401e+00 6.700000000000000178e+00 1.060232999999999981e+00 -9.941999999999886484e-01 -1.922222222219486798e-01 3.333333333313968527e+00
2.991831840370397178e+00 6.714999999999999858e+00 1.045298000000000060e+00 -9.966999999999902604e-01 -1.422222222223621102e-01 3.259259259229542405e+00
3.002142575228961441e+00 6.730000000000000426e+00 1.030332000000000026e+00 -9.984666666666596191e-01 -9.444444444481488177e-02 3.170370370370995339e+00
2.985517333085214275e+00 6.745000000000000107e+00 1.015344000000000024e+00 -9.995333333333272785e-01 -4.711111111098474635e-02 3.103703703714749018e+00
3.012466861989488986e+00 6.759999999999999787e+00 1.000345999999999957e+00 -9.998799999999928856e-01 -1.333333333124935970e-03 2.988888888890467666e+00
3.002155702724968567e+00 6.775000000000000355e+00 9.853475999999999901e-01 -9.995733333333247650e-01 4.255555555573001941e-02 2.907407407418980849e+00
2.984391563627259991e+00 6.790000000000000036e+00 9.703587999999999658e-01 -9.986033333333246276e-01 8.588888888895176987e-02 2.829629629628688470e+00
2.992898659002024786e+00 6.804999999999999716e+00 9.553895000000000026e-01 -9.969966666666562061e-01 1.274444444443446622e-01 2.722222222207915543e+00
2.987312614534870736e+00 6.820000000000000284e+00 9.404489000000000321e-01 -9.947799999999905607e-01 1.675555555554366083e-01 2.625925925917076409e+00
2.979054159246940170e+00 6.834999999999999964e+00 9.255461000000000382e-01 -9.919699999999930240e-01 2.062222222222276635e-01 2.529629629655020917e+00
2.961070449332613652e+00 6.849999999999999645e+00 9.106897999999999938e-01 -9.885933333333274398e-01 2.434444444444710809e-01 2.440740740755354299e+00
2.948463631951889763e+00 6.865000000000000213e+00 8.958882999999999708e-01 -9.846666666666588075e-01 2.794444444445188247e-01 2.344444444448067433e+00
2.948937739418303394e+00 6.879999999999999893e+00 8.811497999999999831e-01 -9.802099999999916990e-01 3.137777777779136579e-01 2.233333333329651893e+00
2.933199715609367875e+00 6.894999999999999574e+00 8.664819999999999744e-01 -9.752533333333250898e-01 3.464444444444089166e-01 2.137037037030589115e+00
2.901519967008524770e+00 6.910000000000000142e+00 8.518921999999999883e-01 -9.698166666666594438e-01 3.778888888887085296e-01 2.055555555571438209e+00
2.883771346981702344e+00 6.924999999999999822e+00 8.373874999999999513e-01 -9.639166666666599825e-01 4.081111111113058798e-01 1.959259259268263165e+00
2.876499908520462334e+00 6.940000000000000391e+00 8.229746999999999479e-01 -9.575733333333238395e-01 4.366666666667569086e-01 1.851851851847490016e+00
2.854066886211549026e+00 6.955000000000000071e+00 8.086602999999999986e-01 -9.508166666666572064e-01 4.636666666664843173e-01 1.759259259258405095e+00
2.827790773020776971e+00 6.969999999999999751e+00 7.944501999999999953e-01 -9.436633333333255269e-01 4.894444444442627717e-01 1.670370370375186209e+00
2.805294348937973581e+00 6.985000000000000320e+00 7.803503999999999996e-01 -9.361333333333254902e-01 5.137777777777402521e-01 1.577777777781989244e+00
2.783091365707063503e+00 7.000000000000000000e+00 7.663661999999999974e-01 -9.282499999999931362e-01 5.367777777775994963e-01 1.485185185192904322e+00
2.765062569636353551e+00 7.014999999999999680e+00 7.525028999999999746e-01 -9.200299999999936862e-01 5.583333333334044024e-01 1.388888888885617456e+00
2.740307425701672628e+00 7.030000000000000249e+00 7.387652999999999581e-01 -9.114999999999908731e-01 5.784444444444150069e-01 1.299999999998286748e+00
2.705276473653628777e+00 7.044999999999999929e+00 7.251579000000000219e-01 -9.026766666666573569e-01 5.973333333332300210e-01 1.222222222220330279e+00
2.671240449349375989e+00 7.059999999999999609e+00 7.116850000000000120e-01 -8.935799999999938237e-01 6.151111111110252327e-01 1.144444444450597675e+00
2.649431286119039886e+00 7.075000000000000178e+00 6.983504999999999852e-01 -8.842233333333264778e-01 6.316666666668715457e-01 1.055555555550931057e+00
2.625189653208609641e+00 7.089999999999999858e+00 6.851582999999999979e-01 -8.746299999999912478e-01 6.467777777779235571e-01 9.703703703653544510e-01
2.594940730872234980e+00 7.105000000000000426e+00 6.721116000000000312e-01 -8.648199999999922616e-01 6.607777777777090744e-01 8.925925925997337806e-01
2.566186778290307391e+00 7.120000000000000107e+00 6.592137000000000135e-01 -8.548066666666598312e-01 6.735555555555456930e-01 8.148148148176654892e-01
2.527941765478775693e+00 7.134999999999999787e+00 6.464674000000000254e-01 -8.446133333333257776e-01 6.852222222221159287e-01 7.481481481531953026e-01
2.498788740093537353e+00 7.150000000000000355e+00 6.338753000000000304e-01 -8.342499999999923865e-01 6.960000000000183817e-01 6.740740740564333811e-01
2.478811969166812901e+00 7.165000000000000036e+00 6.214399000000000450e-01 -8.237333333333287655e-01 7.054444444443025430e-01 5.925925925931705418e-01
2.438482008963218650e+00 7.179999999999999716e+00 6.091632999999999631e-01 -8.130866666666631826e-01 7.137777777778135935e-01 5.333333333527684461e-01
2.400063864365278743e+00 7.195000000000000284e+00 5.970472999999999475e-01 -8.023199999999904852e-01 7.214444444447623006e-01 4.740740740506871886e-01
2.374707345753392040e+00 7.209999999999999964e+00 5.850937000000000499e-01 -7.914433333333238396e-01 7.279999999997044391e-01 4.037037036885748886e-01
2.340269391067699711e+00 7.224999999999999645e+00 5.733040000000000358e-01 -7.804799999999953997e-01 7.335555555555429708e-01 3.444444444522846704e-01
2.307874704782882258e+00 7.240000000000000213e+00 5.616792999999999925e-01 -7.694366666666611065e-01 7.383333333333964577e-01 2.851851851830989326e-01
2.273864460949863275e+00 7.254999999999999893e+00 5.502209000000000128e-01 -7.583299999999933982e-01 7.421111111111594605e-01 2.296296296321151398e-01
2.238264279601315465e+00 7.269999999999999574e+00 5.389294000000000029e-01 -7.471733333333261395e-01 7.452222222223598980e-01 1.777777777746616106e-01
2.208483300076634848e+00 7.285000000000000142e+00 5.278057000000000443e-01 -7.359733333333260408e-01 7.474444444443992808e-01 1.222222222113419909e-01
2.173449020632002959e+00 7.299999999999999822e+00 5.168502000000000374e-01 -7.247499999999938991e-01 7.488888888887001993e-01 7.407407406797841820e-02
2.140550875786920937e+00 7.315000000000000391e+00 5.060632000000000463e-01 -7.135066666666611823e-01 7.496666666666853551e-01 2.592592594106258100e-02
2.106105752712867929e+00 7.330000000000000071e+00 4.954450000000000243e-01 -7.022599999999949993e-01 7.496666666666853551e-01 -1.851851851288266460e-02
2.070098687205061072e+00 7.344999999999999751e+00 4.849954000000000209e-01 -6.910166666666622826e-01 7.491111111111755649e-01 -5.925925926507376318e-02
2.036227525440802211e+00 7.360000000000000320e+00 4.747144999999999837e-01 -6.797866666666614321e-01 7.478888888889798636e-01 -1.000000000008171158e-01
2.004481569408769204e+00 7.375000000000000000e+00 4.646018000000000092e-01 -6.685799999999945120e-01 7.461111111111510263e-01 -1.407407407447843484e-01
1.974840039868682728e+00 7.389999999999999680e+00 4.546570999999999807e-01 -6.574033333333285656e-01 7.436666666667596237e-01 -1.814814814866956005e-01
1.939889237132913058e+00 7.405000000000000249e+00 4.448796999999999890e-01 -6.462699999999934608e-01 7.406666666666117393e-01 -2.148148148189306661e-01
1.903298130337062632e+00 7.419999999999999929e+00 4.352690000000000170e-01 -6.351833333333282150e-01 7.372222222221300747e-01 -2.444444444370757752e-01
1.865047933421568160e+00 7.434999999999999609e+00 4.258241999999999861e-01 -6.241533333333293410e-01 7.333333333333144077e-01 -2.703703703575786599e-01
1.836212205740081371e+00 7.450000000000000178e+00 4.165443999999999813e-01 -6.131833333333285285e-01 7.291111111110941678e-01 -3.037037037000935857e-01
1.816761389060047138e+00 7.464999999999999858e+00 4.074286999999999770e-01 -6.022799999999944864e-01 7.242222222221881278e-01 -3.444444444440608044e-01
1.777050683205153359e+00 7.480000000000000426e+00 3.984759999999999969e-01 -5.914566666666608574e-01 7.187777777777722976e-01 -3.629629629651673350e-01
1.731853519576584510e+00 7.495000000000000107e+00 3.896850000000000036e-01 -5.807166666666611077e-01 7.133333333332330106e-01 -3.740740740765976513e-01
1.710743355932653920e+00 7.509999999999999787e+00 3.810545000000000182e-01 -5.700566666666618820e-01 7.075555555555359533e-01 -4.074074074026648451e-01
1.684073116431328287e+00 7.525000000000000355e+00 3.725833000000000061e-01 -5.594899999999967122e-01 7.011111111110296390e-01 -4.333333333293356016e-01
1.640696459721282086e+00 7.540000000000000036e+00 3.642697999999999769e-01 -5.490233333333289778e-01 6.945555555555941174e-01 -4.407407407492916485e-01
1.610186693445940787e+00 7.554999999999999716e+00 3.561126000000000014e-01 -5.386533333333287654e-01 6.878888888888592401e-01 -4.592592592539504470e-01
1.585102210736691219e+00 7.570000000000000284e+00 3.481101999999999808e-01 -5.283866666666630074e-01 6.807777777777904715e-01 -4.814814814726992021e-01
1.554297044482320977e+00 7.584999999999999964e+00 3.402609999999999801e-01 -5.182299999999948614e-01 6.734444444444930289e-01 -4.962962963023314633e-01
1.528833572849315203e+00 7.599999999999999645e+00 3.325633000000000061e-01 -5.081833333333279912e-01 6.658888888888436774e-01 -5.148148148193260054e-01
1.501269967192502719e+00 7.615000000000000213e+00 3.250155000000000127e-01 -4.982533333333293846e-01 6.579999999999132099e-01 -5.296296296325104791e-01
1.464156960696259224e+00 7.629999999999999893e+00 3.176157000000000008e-01 -4.884433333333304539e-01 6.499999999999299671e-01 -5.333333333342646920e-01
1.428558663777955706e+00 7.644999999999999574e+00 3.103621999999999770e-01 -4.787533333333294783e-01 6.420000000000700702e-01 -5.370370370339628829e-01
1.401835949961551808e+00 7.660000000000000142e+00 3.032530999999999977e-01 -4.691833333333282341e-01 6.338888888889109285e-01 -5.481481481515610987e-01
1.376542418281095248e+00 7.674999999999999822e+00 2.962867000000000139e-01 -4.597366666666619639e-01 6.255555555553997671e-01 -5.592592592671034035e-01
1.352638722868249710e+00 7.690000000000000391e+00 2.894610000000000238e-01 -4.504166666666641894e-01 6.171111111110827441e-01 -5.703703703682538872e-01
1.333784635807378827e+00 7.705000000000000071e+00 2.827741999999999756e-01 -4.412233333333311913e-01 6.084444444444137012e-01 -5.851851851793824499e-01
1.301429270603656319e+00 7.719999999999999751e+00 2.762242999999999782e-01 -4.321633333333297911e-01 5.995555555556394411e-01 -5.851851851896622270e-01
1.259233206688336049e+00 7.735000000000000320e+00 2.698092999999999742e-01 -4.232366666666618760e-01 5.908888888888470525e-01 -5.740740740823437882e-01
1.236773487547789596e+00 7.750000000000000000e+00 2.635272000000000170e-01 -4.144366666666624011e-01 5.823333333332306738e-01 -5.814814814837961920e-01
1.219200689113164815e+00 7.764999999999999680e+00 2.573761999999999994e-01 -4.057666666666629451e-01 5.734444444443330680e-01 -5.925925925931705418e-01
1.191670192866998157e+00 7.780000000000000249e+00 2.513542000000000276e-01 -3.972333333333303851e-01 5.645555555554353511e-01 -5.925925925870025868e-01
1.168947700708865778e+00 7.794999999999999929e+00 2.454591999999999885e-01 -3.888299999999978995e-01 5.556666666666610910e-01 -5.962962962928687327e-01
1.143598050130975263e+00 7.809999999999999609e+00 2.396892999999999940e-01 -3.805633333333295343e-01 5.466666666667108210e-01 -5.962962962969806657e-01
1.115578835329221530e+00 7.825000000000000178e+00 2.340423000000000087e-01 -3.724299999999964306e-01 5.377777777777515977e-01 -5.925925925952264528e-01
1.092261982505166262e+00 7.839999999999999858e+00 2.285164000000000084e-01 -3.644299999999968120e-01 5.288888888888538808e-01 -5.925925925931705418e-01
1.069908380756943167e+00 7.855000000000000426e+00 2.231094000000000133e-01 -3.565633333333306787e-01 5.199999999999562750e-01 -5.925925925849466758e-01
1.044780745996273907e+00 7.870000000000000107e+00 2.178194999999999992e-01 -3.488299999999980305e-01 5.111111111111203975e-01 -5.888888888862764404e-01
1.024252985299356489e+00 7.884999999999999787e+00 2.126444999999999863e-01 -3.412299999999969247e-01 5.023333333333370732e-01 -5.888888888893604179e-01
1.004585500347412452e+00 7.900000000000000355e+00 2.075826000000000060e-01 -3.337599999999968370e-01 4.934444444443777389e-01 -5.888888888914164399e-01
9.746441201278716049e-01 7.915000000000000036e+00 2.026316999999999979e-01 -3.264266666666645889e-01 4.846666666666560874e-01 -5.777777777758741351e-01
9.529048338070325030e-01 7.929999999999999716e+00 1.977897999999999878e-01 -3.192199999999970617e-01 4.761111111111013261e-01 -5.740740740710360557e-01
9.393429523659827529e-01 7.945000000000000284e+00 1.930551000000000073e-01 -3.121433333333304971e-01 4.674444444444323388e-01 -5.777777777799860681e-01
